6 0.753906 0.185059 0.019531 0.034180
6 0.495117 0.179199 0.027344 0.038086
6 0.316406 0.282715 0.019531 0.041992
6 0.723633 0.396973 0.019531 0.028320
6 0.296875 0.718262 0.029297 0.022461
6 0.125488 0.684082 0.028320 0.026367
6 0.206055 0.901367 0.017578 0.029297
0 0.189941 0.035156 0.034180 0.044922
0 0.807129 0.546875 0.045898 0.066406
0 0.479980 0.488770 0.045898 0.057617
0 0.680176 0.770996 0.038086 0.038086
0 0.862305 0.955078 0.033203 0.035156
0 0.618164 0.913574 0.044922 0.034180
7 0.398438 0.786133 0.039062 0.050781
1 0.041016 0.507812 0.042969 0.031250
