0 0.239746 0.114746 0.043945 0.028320
5 0.750488 0.117188 0.061523 0.050781
7 0.569336 0.229492 0.052734 0.031250
6 0.379883 0.312500 0.013672 0.025391
6 0.609375 0.433105 0.019531 0.022461
5 0.071777 0.422852 0.040039 0.039062
6 0.405762 0.509277 0.024414 0.014648
6 0.291992 0.582031 0.019531 0.031250
0 0.470703 0.537598 0.027344 0.030273
5 0.464355 0.627441 0.038086 0.034180
6 0.116699 0.629395 0.026367 0.028320
4 0.786133 0.655273 0.033203 0.035156
4 0.125977 0.788574 0.041016 0.040039
5 0.732422 0.854004 0.044922 0.045898
0 0.218750 0.880371 0.029297 0.032227
