0 0.772949 0.096191 0.028320 0.036133
0 0.806641 0.258789 0.041016 0.044922
0 0.283691 0.176270 0.043945 0.043945
0 0.479980 0.663574 0.026367 0.032227
0 0.573242 0.756836 0.042969 0.033203
0 0.407227 0.772949 0.027344 0.030273
0 0.270996 0.964844 0.038086 0.033203
6 0.193359 0.420410 0.027344 0.022461
6 0.346680 0.512207 0.021484 0.026367
6 0.380859 0.636719 0.011719 0.021484
6 0.785645 0.625977 0.012695 0.023438
6 0.961914 0.413086 0.015625 0.023438
3 0.562012 0.490234 0.057617 0.050781
3 0.399902 0.285645 0.032227 0.040039
6 0.724609 0.279785 0.019531 0.026367
