0 0.492676 0.082031 0.034180 0.041016
0 0.743164 0.155762 0.027344 0.032227
0 0.170898 0.137207 0.023438 0.024414
0 0.339355 0.613770 0.040039 0.040039
0 0.577148 0.569824 0.035156 0.040039
6 0.125000 0.019043 0.015625 0.018555
6 0.293945 0.430664 0.007812 0.025391
6 0.158203 0.520020 0.027344 0.030273
3 0.394043 0.443359 0.043945 0.037109
3 0.665039 0.359375 0.042969 0.041016
6 0.288086 0.685059 0.013672 0.028320
6 0.345215 0.797852 0.020508 0.033203
6 0.531250 0.773926 0.025391 0.024414
5 0.292480 0.936035 0.045898 0.041992
7 0.665039 0.885254 0.037109 0.061523
