6 0.343262 0.084961 0.022461 0.025391
0 0.413086 0.156250 0.033203 0.037109
6 0.781250 0.049316 0.017578 0.018555
6 0.924316 0.021973 0.024414 0.024414
6 0.233887 0.569824 0.012695 0.022461
6 0.111816 0.593750 0.030273 0.023438
6 0.665039 0.624023 0.013672 0.027344
6 0.792480 0.445801 0.022461 0.024414
0 0.399902 0.530273 0.047852 0.058594
0 0.398926 0.317383 0.049805 0.048828
0 0.178223 0.423340 0.051758 0.047852
0 0.769531 0.318848 0.035156 0.038086
0 0.500488 0.805176 0.034180 0.032227
1 0.182129 0.927246 0.040039 0.047852
7 0.730957 0.213867 0.032227 0.050781
