6 0.616211 0.082031 0.009766 0.017578
6 0.864258 0.420410 0.017578 0.024414
6 0.845703 0.773438 0.033203 0.037109
6 0.558105 0.575684 0.012695 0.022461
6 0.599121 0.689941 0.016602 0.020508
6 0.308105 0.707031 0.014648 0.023438
6 0.134766 0.458008 0.015625 0.021484
6 0.187988 0.198242 0.014648 0.019531
4 0.327148 0.095215 0.042969 0.038086
0 0.652344 0.220703 0.039062 0.037109
2 0.105957 0.328125 0.047852 0.039062
7 0.470215 0.292480 0.038086 0.040039
3 0.454590 0.426270 0.047852 0.045898
1 0.466797 0.803711 0.066406 0.027344
0 0.175293 0.589355 0.036133 0.040039
