0 0.147461 0.072754 0.037109 0.041992
0 0.535156 0.145508 0.041016 0.033203
0 0.291504 0.226562 0.026367 0.046875
0 0.291016 0.430176 0.031250 0.034180
0 0.271973 0.487793 0.036133 0.040039
0 0.520508 0.728516 0.027344 0.035156
0 0.272949 0.809570 0.043945 0.042969
6 0.602051 0.295410 0.018555 0.022461
6 0.797852 0.644531 0.035156 0.041016
6 0.580078 0.817871 0.023438 0.030273
6 0.527344 0.971191 0.017578 0.028320
6 0.757324 0.910156 0.024414 0.042969
1 0.805664 0.217285 0.027344 0.043945
4 0.774902 0.333984 0.034180 0.039062
6 0.287598 0.612793 0.024414 0.028320
