6 0.526855 0.192383 0.014648 0.021484
6 0.808594 0.305664 0.015625 0.023438
6 0.742676 0.529785 0.014648 0.020508
6 0.640625 0.634766 0.019531 0.025391
6 0.918945 0.730469 0.021484 0.017578
6 0.858398 0.838867 0.013672 0.025391
6 0.721680 0.836914 0.015625 0.021484
6 0.699707 0.955078 0.018555 0.019531
3 0.136719 0.221680 0.035156 0.033203
4 0.191406 0.344238 0.037109 0.041992
0 0.250488 0.562012 0.049805 0.047852
0 0.039062 0.624023 0.042969 0.041016
4 0.197266 0.771484 0.046875 0.046875
0 0.478516 0.929688 0.033203 0.041016
0 0.690918 0.392090 0.040039 0.045898
