5 0.464355 0.081543 0.047852 0.049805
0 0.703125 0.172363 0.033203 0.034180
5 0.775879 0.327637 0.041992 0.047852
0 0.640625 0.492188 0.033203 0.037109
6 0.962891 0.595215 0.017578 0.026367
6 0.564453 0.515137 0.023438 0.038086
6 0.223633 0.656738 0.029297 0.036133
6 0.732910 0.945801 0.010742 0.030273
6 0.856934 0.881348 0.018555 0.022461
0 0.263672 0.103516 0.035156 0.037109
0 0.035645 0.357422 0.032227 0.037109
2 0.235352 0.358887 0.039062 0.040039
1 0.172852 0.891113 0.039062 0.051758
3 0.464844 0.751953 0.048828 0.048828
7 0.761719 0.808105 0.039062 0.036133
