0 0.477051 0.104004 0.040039 0.030273
0 0.769531 0.098633 0.031250 0.029297
0 0.232422 0.247559 0.033203 0.038086
0 0.026367 0.356445 0.033203 0.027344
0 0.836914 0.339355 0.033203 0.028320
0 0.823730 0.451660 0.030273 0.030273
0 0.571777 0.707520 0.041992 0.036133
0 0.120117 0.746094 0.041016 0.033203
1 0.686035 0.807617 0.034180 0.048828
6 0.517090 0.809082 0.016602 0.014648
6 0.144043 0.808594 0.010742 0.021484
6 0.279297 0.375488 0.029297 0.032227
6 0.301758 0.490723 0.019531 0.036133
7 0.552734 0.407715 0.050781 0.053711
