6 0.525879 0.097168 0.014648 0.026367
6 0.317383 0.210938 0.019531 0.025391
6 0.204102 0.278809 0.019531 0.026367
6 0.462402 0.364746 0.022461 0.020508
6 0.248047 0.396973 0.015625 0.024414
6 0.661133 0.366699 0.015625 0.024414
6 0.764648 0.532715 0.013672 0.034180
6 0.835938 0.626953 0.019531 0.025391
6 0.432129 0.638672 0.020508 0.025391
0 0.828613 0.540527 0.022461 0.030273
0 0.506836 0.933594 0.037109 0.033203
0 0.241699 0.864746 0.032227 0.043945
0 0.195312 0.783691 0.037109 0.034180
3 0.604492 0.253418 0.039062 0.036133
4 0.744141 0.762207 0.041016 0.043945
