6 0.216309 0.114258 0.020508 0.017578
6 0.176758 0.248535 0.017578 0.018555
6 0.144043 0.353516 0.030273 0.025391
2 0.309082 0.146973 0.063477 0.038086
0 0.774902 0.117676 0.038086 0.034180
6 0.726074 0.371582 0.012695 0.016602
6 0.885742 0.333008 0.015625 0.019531
6 0.505371 0.415039 0.028320 0.033203
2 0.170898 0.607910 0.037109 0.047852
1 0.460449 0.515137 0.047852 0.043945
6 0.756836 0.633301 0.017578 0.022461
6 0.540527 0.861328 0.018555 0.021484
6 0.313965 0.682129 0.016602 0.018555
6 0.270508 0.792480 0.013672 0.016602
0 0.111816 0.941895 0.038086 0.034180
