0 0.107910 0.173828 0.040039 0.031250
0 0.151367 0.269531 0.033203 0.033203
0 0.242188 0.524414 0.031250 0.033203
0 0.430176 0.596680 0.040039 0.046875
0 0.115723 0.651367 0.043945 0.041016
0 0.257812 0.844727 0.044922 0.041016
0 0.437012 0.760742 0.043945 0.046875
0 0.815918 0.738281 0.043945 0.044922
0 0.058105 0.922363 0.030273 0.036133
0 0.560547 0.979492 0.033203 0.027344
1 0.787109 0.382812 0.031250 0.058594
1 0.103516 0.400391 0.035156 0.044922
6 0.773926 0.553711 0.008789 0.025391
3 0.672852 0.810059 0.046875 0.045898
6 0.506348 0.873047 0.024414 0.029297
