0 0.270996 0.096191 0.041992 0.038086
0 0.183105 0.378418 0.041992 0.034180
0 0.237305 0.772949 0.033203 0.032227
0 0.666016 0.466797 0.050781 0.044922
0 0.699707 0.627441 0.028320 0.032227
6 0.438477 0.175293 0.031250 0.034180
6 0.245605 0.190918 0.024414 0.024414
6 0.839355 0.213379 0.006836 0.026367
6 0.590820 0.388184 0.029297 0.024414
6 0.524414 0.539062 0.021484 0.021484
6 0.498535 0.702148 0.028320 0.029297
6 0.333984 0.842773 0.017578 0.029297
6 0.726074 0.900879 0.016602 0.020508
1 0.739258 0.711426 0.050781 0.040039
2 0.170898 0.577637 0.044922 0.036133
