5 0.576172 0.041504 0.050781 0.041992
5 0.212891 0.782715 0.052734 0.055664
6 0.465332 0.222168 0.016602 0.026367
6 0.517090 0.301758 0.026367 0.031250
6 0.223633 0.514648 0.027344 0.021484
6 0.481934 0.605469 0.024414 0.027344
0 0.836914 0.136230 0.033203 0.036133
0 0.844727 0.376953 0.033203 0.039062
0 0.728516 0.473633 0.035156 0.041016
0 0.466797 0.817383 0.031250 0.041016
0 0.260254 0.452637 0.030273 0.032227
1 0.158203 0.216309 0.052734 0.024414
1 0.671387 0.638184 0.043945 0.032227
6 0.495117 0.906738 0.027344 0.030273
6 0.095215 0.101074 0.024414 0.034180
