6 0.685547 0.126953 0.015625 0.023438
0 0.386230 0.032715 0.034180 0.038086
6 0.228027 0.178711 0.024414 0.025391
4 0.062500 0.271973 0.039062 0.041992
0 0.513672 0.333008 0.037109 0.048828
0 0.640625 0.405762 0.037109 0.034180
0 0.549316 0.572754 0.034180 0.032227
6 0.147461 0.493652 0.029297 0.026367
4 0.188965 0.628418 0.041992 0.038086
0 0.174805 0.814453 0.037109 0.037109
6 0.480957 0.717773 0.020508 0.029297
0 0.591309 0.776367 0.032227 0.037109
6 0.450684 0.898926 0.018555 0.016602
0 0.798340 0.885742 0.030273 0.029297
5 0.760742 0.620605 0.046875 0.045898
