0 0.132812 0.171875 0.023438 0.037109
0 0.526855 0.209961 0.036133 0.037109
6 0.982910 0.344727 0.014648 0.021484
6 0.889160 0.480469 0.020508 0.025391
0 0.417969 0.404297 0.029297 0.035156
1 0.563965 0.512207 0.041992 0.041992
0 0.726562 0.548828 0.023438 0.027344
3 0.363281 0.574707 0.037109 0.040039
4 0.112793 0.736328 0.041992 0.044922
6 0.516113 0.757324 0.018555 0.018555
0 0.568848 0.740723 0.034180 0.036133
0 0.171387 0.848145 0.030273 0.034180
6 0.814941 0.797852 0.022461 0.025391
6 0.959961 0.870605 0.017578 0.022461
0 0.711914 0.970215 0.037109 0.034180
