6 0.686523 0.125488 0.019531 0.024414
6 0.968262 0.261230 0.014648 0.024414
6 0.646973 0.617188 0.024414 0.029297
6 0.479980 0.773926 0.014648 0.026367
6 0.857910 0.813477 0.012695 0.027344
7 0.199219 0.262695 0.062500 0.048828
3 0.405273 0.433105 0.035156 0.040039
1 0.125488 0.441895 0.055664 0.032227
0 0.349121 0.625488 0.034180 0.038086
0 0.086426 0.617676 0.032227 0.032227
0 0.166504 0.720215 0.030273 0.034180
0 0.449219 0.937012 0.025391 0.026367
5 0.631836 0.341309 0.050781 0.045898
7 0.695312 0.489258 0.041016 0.042969
0 0.802246 0.695801 0.030273 0.038086
