0 0.792969 0.058105 0.060547 0.047852
0 0.775879 0.330566 0.036133 0.047852
0 0.871094 0.527344 0.035156 0.037109
0 0.277832 0.520996 0.036133 0.040039
6 0.752441 0.691406 0.020508 0.031250
6 0.651367 0.641602 0.029297 0.031250
6 0.980469 0.933105 0.013672 0.016602
6 0.469238 0.926270 0.018555 0.026367
6 0.281250 0.835449 0.025391 0.032227
6 0.760254 0.407715 0.020508 0.026367
4 0.663574 0.876953 0.034180 0.035156
4 0.300781 0.180664 0.042969 0.050781
3 0.341797 0.324219 0.029297 0.037109
5 0.164551 0.635254 0.053711 0.061523
5 0.593750 0.477051 0.046875 0.055664
