6 0.184082 0.147949 0.018555 0.024414
6 0.440430 0.072266 0.017578 0.019531
0 0.748535 0.078613 0.040039 0.049805
0 0.515625 0.152344 0.042969 0.039062
1 0.122070 0.307617 0.037109 0.035156
3 0.593262 0.245605 0.041992 0.038086
3 0.665039 0.357422 0.041016 0.042969
3 0.548828 0.515137 0.042969 0.041992
6 0.366699 0.482910 0.020508 0.030273
6 0.178223 0.497070 0.026367 0.029297
0 0.304199 0.670898 0.040039 0.042969
6 0.658203 0.676758 0.023438 0.023438
0 0.535645 0.839355 0.032227 0.040039
6 0.492188 0.956055 0.021484 0.025391
