5 0.095215 0.134766 0.047852 0.048828
3 0.516602 0.145508 0.044922 0.035156
0 0.782715 0.145508 0.038086 0.041016
5 0.662598 0.273438 0.057617 0.052734
0 0.140137 0.223633 0.051758 0.046875
0 0.549805 0.445801 0.048828 0.049805
0 0.166016 0.923340 0.027344 0.032227
6 0.371094 0.298340 0.011719 0.016602
6 0.499512 0.304688 0.016602 0.017578
3 0.768555 0.615723 0.041016 0.041992
6 0.481934 0.680176 0.012695 0.020508
7 0.116211 0.725586 0.046875 0.037109
6 0.551270 0.888672 0.016602 0.021484
6 0.824219 0.951172 0.017578 0.019531
4 0.088867 0.410156 0.044922 0.041016
