0 0.086914 0.087402 0.035156 0.032227
0 0.194824 0.208496 0.038086 0.040039
0 0.127441 0.431641 0.030273 0.042969
0 0.415527 0.469727 0.024414 0.039062
0 0.410156 0.603516 0.037109 0.033203
0 0.407715 0.892090 0.036133 0.036133
0 0.849609 0.762207 0.029297 0.032227
6 0.484375 0.027832 0.019531 0.020508
6 0.561523 0.166992 0.019531 0.029297
6 0.173828 0.263672 0.033203 0.031250
6 0.277344 0.556152 0.019531 0.018555
4 0.575195 0.228516 0.041016 0.041016
7 0.233398 0.865234 0.046875 0.046875
5 0.609375 0.806641 0.048828 0.048828
1 0.734375 0.406738 0.046875 0.022461
