0 0.738281 0.053223 0.031250 0.036133
0 0.123047 0.165527 0.035156 0.030273
0 0.858887 0.448242 0.038086 0.033203
0 0.614258 0.651367 0.031250 0.035156
0 0.407715 0.764160 0.030273 0.028320
0 0.169434 0.556152 0.041992 0.043945
0 0.847656 0.869141 0.037109 0.029297
0 0.347168 0.930176 0.030273 0.040039
6 0.393555 0.452148 0.023438 0.025391
6 0.702148 0.430664 0.035156 0.029297
6 0.700195 0.302246 0.009766 0.020508
6 0.370117 0.031738 0.019531 0.032227
6 0.205566 0.909668 0.018555 0.020508
2 0.369629 0.207031 0.059570 0.039062
4 0.445801 0.080078 0.045898 0.044922
