6 0.643066 0.132324 0.012695 0.024414
6 0.543945 0.201172 0.013672 0.025391
6 0.406250 0.546387 0.027344 0.020508
6 0.525391 0.543457 0.011719 0.018555
6 0.847656 0.560547 0.017578 0.027344
6 0.193848 0.521973 0.022461 0.022461
6 0.348145 0.967773 0.016602 0.029297
0 0.205078 0.160645 0.031250 0.036133
0 0.039551 0.357422 0.034180 0.033203
0 0.367188 0.357910 0.037109 0.040039
1 0.304688 0.440918 0.037109 0.034180
5 0.234375 0.735352 0.056641 0.041016
5 0.378906 0.879883 0.050781 0.031250
4 0.749023 0.219238 0.041016 0.045898
4 0.687500 0.855469 0.052734 0.044922
