0 0.700195 0.047363 0.035156 0.043945
0 0.863770 0.114258 0.036133 0.033203
3 0.228516 0.133789 0.042969 0.041016
3 0.462891 0.360352 0.048828 0.052734
1 0.755371 0.345703 0.024414 0.058594
6 0.737793 0.191406 0.012695 0.031250
0 0.169434 0.311523 0.034180 0.029297
0 0.121582 0.562500 0.032227 0.037109
0 0.428711 0.552734 0.023438 0.035156
0 0.050293 0.733887 0.024414 0.034180
0 0.480957 0.964355 0.038086 0.038086
7 0.728516 0.615723 0.039062 0.043945
3 0.665039 0.714844 0.039062 0.042969
6 0.512207 0.787598 0.022461 0.026367
5 0.074707 0.797363 0.040039 0.040039
