6 0.832031 0.024902 0.023438 0.024414
0 0.404297 0.063477 0.031250 0.037109
6 0.245117 0.113770 0.013672 0.030273
6 0.113281 0.100098 0.017578 0.032227
6 0.225586 0.181152 0.015625 0.020508
6 0.583496 0.209961 0.018555 0.029297
6 0.090332 0.307129 0.016602 0.026367
5 0.339844 0.316406 0.050781 0.050781
2 0.691895 0.276855 0.041992 0.047852
6 0.555664 0.579102 0.015625 0.035156
0 0.650879 0.549805 0.036133 0.041016
0 0.545410 0.760254 0.036133 0.034180
0 0.318848 0.749023 0.041992 0.042969
2 0.725586 0.791992 0.044922 0.042969
6 0.638672 0.860840 0.017578 0.030273
