0 0.813477 0.150879 0.042969 0.038086
0 0.554688 0.172852 0.033203 0.027344
0 0.363281 0.371094 0.037109 0.041016
0 0.376465 0.454590 0.034180 0.040039
0 0.786133 0.701172 0.035156 0.041016
0 0.552734 0.943848 0.031250 0.055664
7 0.820801 0.933105 0.034180 0.059570
3 0.052246 0.208008 0.038086 0.033203
6 0.556641 0.053223 0.015625 0.026367
6 0.385742 0.272461 0.027344 0.031250
0 0.282227 0.566895 0.033203 0.032227
5 0.344727 0.733887 0.052734 0.055664
6 0.740234 0.543457 0.023438 0.024414
1 0.633301 0.343262 0.049805 0.028320
6 0.823242 0.795898 0.013672 0.019531
