6 0.540527 0.060547 0.016602 0.021484
6 0.219727 0.109863 0.017578 0.026367
6 0.746094 0.264648 0.037109 0.021484
6 0.969727 0.106934 0.017578 0.030273
6 0.967285 0.222656 0.024414 0.029297
6 0.582520 0.513672 0.018555 0.017578
6 0.725098 0.776855 0.016602 0.026367
6 0.646973 0.839844 0.020508 0.023438
3 0.288086 0.771973 0.041016 0.040039
3 0.258301 0.905762 0.036133 0.038086
0 0.802734 0.886719 0.046875 0.046875
0 0.092285 0.210938 0.036133 0.033203
0 0.165527 0.617188 0.047852 0.048828
0 0.437012 0.262695 0.034180 0.035156
0 0.661621 0.563477 0.036133 0.037109
