5 0.729004 0.049805 0.047852 0.054688
0 0.736816 0.257324 0.034180 0.047852
3 0.680664 0.451660 0.044922 0.047852
4 0.716797 0.544434 0.046875 0.045898
2 0.689941 0.690918 0.059570 0.030273
0 0.253418 0.041016 0.040039 0.048828
5 0.107422 0.245605 0.044922 0.041992
6 0.420410 0.387695 0.024414 0.031250
6 0.402832 0.469727 0.020508 0.033203
6 0.096680 0.423828 0.021484 0.039062
0 0.340820 0.653809 0.025391 0.028320
0 0.492188 0.780273 0.035156 0.035156
6 0.706543 0.873535 0.026367 0.020508
6 0.442383 0.886719 0.015625 0.027344
6 0.272461 0.797852 0.021484 0.031250
