5 0.494141 0.072754 0.060547 0.038086
0 0.051758 0.133301 0.029297 0.036133
0 0.466797 0.350586 0.037109 0.046875
0 0.697754 0.371582 0.030273 0.040039
0 0.251953 0.293457 0.035156 0.038086
0 0.359375 0.697266 0.033203 0.048828
0 0.901855 0.611816 0.028320 0.028320
0 0.285645 0.820312 0.036133 0.033203
6 0.870117 0.173340 0.027344 0.022461
6 0.772949 0.634277 0.020508 0.016602
6 0.637695 0.727051 0.019531 0.024414
6 0.129883 0.580566 0.025391 0.024414
6 0.391113 0.438965 0.008789 0.028320
6 0.969238 0.952148 0.014648 0.025391
6 0.564453 0.469727 0.015625 0.035156
