0 0.723145 0.097656 0.038086 0.027344
0 0.155762 0.149902 0.053711 0.030273
0 0.765137 0.385742 0.045898 0.033203
0 0.587402 0.504395 0.026367 0.030273
0 0.484863 0.664062 0.036133 0.037109
0 0.233398 0.606445 0.027344 0.033203
0 0.160645 0.867676 0.034180 0.030273
6 0.895996 0.693848 0.018555 0.020508
6 0.624512 0.788086 0.016602 0.027344
6 0.442383 0.925293 0.039062 0.024414
6 0.575684 0.208008 0.018555 0.025391
6 0.722656 0.183105 0.013672 0.026367
4 0.726562 0.851074 0.054688 0.047852
3 0.351074 0.447754 0.045898 0.034180
3 0.105469 0.446777 0.046875 0.047852
