6 0.497559 0.212402 0.020508 0.022461
6 0.700195 0.196777 0.017578 0.028320
0 0.813965 0.205078 0.036133 0.035156
6 0.946289 0.289551 0.013672 0.020508
3 0.231445 0.317383 0.037109 0.037109
6 0.180176 0.409180 0.016602 0.023438
6 0.743164 0.430664 0.015625 0.029297
6 0.675293 0.516113 0.014648 0.024414
0 0.431152 0.477051 0.028320 0.030273
5 0.202637 0.509277 0.049805 0.049805
0 0.477051 0.581055 0.032227 0.046875
6 0.270020 0.636230 0.016602 0.024414
6 0.489746 0.679688 0.020508 0.025391
6 0.303223 0.868164 0.020508 0.021484
1 0.723145 0.818848 0.047852 0.024414
