6 0.257324 0.040527 0.028320 0.030273
6 0.435059 0.028320 0.022461 0.021484
6 0.217773 0.227051 0.015625 0.018555
6 0.372559 0.146973 0.026367 0.020508
2 0.120117 0.537109 0.058594 0.037109
2 0.465332 0.339844 0.045898 0.033203
6 0.828125 0.398926 0.017578 0.022461
6 0.534668 0.598145 0.014648 0.022461
0 0.307129 0.663086 0.041992 0.039062
6 0.224121 0.693359 0.018555 0.019531
0 0.135254 0.784180 0.036133 0.039062
0 0.421387 0.882324 0.041992 0.030273
4 0.766113 0.773926 0.041992 0.032227
0 0.778809 0.854492 0.034180 0.033203
6 0.693848 0.916016 0.018555 0.017578
