0 0.164551 0.177734 0.036133 0.031250
0 0.535156 0.138184 0.029297 0.041992
0 0.723145 0.145508 0.040039 0.033203
0 0.770996 0.277832 0.055664 0.053711
0 0.558594 0.418457 0.044922 0.041992
0 0.549805 0.502441 0.037109 0.045898
0 0.516602 0.619141 0.033203 0.033203
0 0.121094 0.734863 0.031250 0.040039
6 0.451172 0.881348 0.027344 0.032227
6 0.217773 0.802246 0.019531 0.024414
6 0.803223 0.557129 0.022461 0.041992
6 0.273438 0.605469 0.021484 0.027344
6 0.584473 0.205078 0.022461 0.021484
5 0.166016 0.411133 0.052734 0.062500
1 0.285645 0.712891 0.032227 0.037109
