0 0.695312 0.069824 0.037109 0.043945
0 0.123047 0.370605 0.044922 0.061523
0 0.549805 0.747559 0.039062 0.055664
0 0.769043 0.798828 0.034180 0.033203
6 0.330566 0.279785 0.022461 0.036133
6 0.774902 0.335449 0.018555 0.030273
6 0.827148 0.414062 0.017578 0.025391
6 0.255371 0.531738 0.020508 0.026367
6 0.440430 0.578613 0.015625 0.034180
6 0.786621 0.629883 0.018555 0.027344
6 0.928711 0.625977 0.015625 0.029297
6 0.214355 0.933594 0.014648 0.019531
3 0.661621 0.945312 0.040039 0.035156
4 0.225586 0.739746 0.046875 0.053711
7 0.434570 0.421387 0.033203 0.047852
