6 0.722656 0.105957 0.019531 0.020508
6 0.346680 0.227051 0.021484 0.026367
6 0.678223 0.498535 0.016602 0.018555
6 0.840820 0.427246 0.019531 0.034180
6 0.941406 0.574219 0.017578 0.027344
6 0.248535 0.761230 0.022461 0.034180
0 0.386719 0.557617 0.042969 0.044922
0 0.189941 0.666504 0.041992 0.043945
0 0.071289 0.540039 0.037109 0.029297
0 0.722168 0.784180 0.036133 0.042969
0 0.719238 0.700684 0.032227 0.034180
0 0.492188 0.869141 0.041016 0.037109
0 0.555664 0.333496 0.046875 0.041992
4 0.436035 0.081543 0.040039 0.038086
3 0.120117 0.394043 0.044922 0.043945
