6 0.902344 0.083496 0.015625 0.024414
0 0.099121 0.095703 0.038086 0.050781
0 0.428223 0.155273 0.040039 0.044922
6 0.242676 0.232910 0.024414 0.032227
6 0.404785 0.244629 0.016602 0.024414
6 0.412109 0.316895 0.029297 0.036133
6 0.536133 0.317383 0.017578 0.021484
6 0.445801 0.521484 0.014648 0.027344
6 0.163086 0.480469 0.017578 0.035156
6 0.646973 0.809082 0.018555 0.041992
6 0.218262 0.742188 0.016602 0.025391
0 0.545410 0.618652 0.036133 0.041992
0 0.072754 0.581055 0.032227 0.048828
0 0.735840 0.765137 0.036133 0.043945
7 0.374023 0.936035 0.033203 0.041992
