5 0.354004 0.108398 0.059570 0.052734
5 0.672363 0.683105 0.059570 0.055664
6 0.072266 0.209473 0.019531 0.020508
6 0.358887 0.304688 0.014648 0.021484
6 0.580566 0.750488 0.020508 0.022461
6 0.733398 0.930664 0.025391 0.021484
6 0.551758 0.897949 0.017578 0.020508
6 0.315918 0.962891 0.020508 0.019531
6 0.218750 0.920410 0.023438 0.022461
6 0.178223 0.749512 0.014648 0.024414
6 0.160645 0.640137 0.012695 0.016602
0 0.323242 0.624023 0.058594 0.039062
0 0.812012 0.127930 0.030273 0.039062
4 0.297363 0.380859 0.036133 0.041016
4 0.692871 0.472168 0.045898 0.040039
