6 0.693359 0.090820 0.019531 0.023438
0 0.817871 0.229004 0.045898 0.045898
0 0.406250 0.581055 0.027344 0.033203
6 0.191895 0.178223 0.022461 0.026367
6 0.444824 0.215332 0.018555 0.024414
6 0.373535 0.508789 0.010742 0.027344
6 0.322266 0.584961 0.017578 0.023438
6 0.834473 0.725586 0.014648 0.027344
6 0.967285 0.639160 0.018555 0.034180
7 0.789062 0.878418 0.060547 0.040039
7 0.081543 0.893555 0.059570 0.042969
4 0.253418 0.798340 0.036133 0.034180
5 0.149902 0.379395 0.051758 0.038086
3 0.525391 0.288086 0.039062 0.044922
2 0.627441 0.541504 0.038086 0.032227
