0 0.486328 0.123535 0.050781 0.045898
0 0.171875 0.079102 0.041016 0.037109
0 0.115723 0.389160 0.036133 0.030273
0 0.445801 0.402832 0.032227 0.034180
0 0.453613 0.446289 0.030273 0.031250
0 0.761719 0.268555 0.033203 0.037109
0 0.132324 0.666992 0.043945 0.050781
0 0.047852 0.962891 0.037109 0.046875
6 0.384766 0.874512 0.021484 0.020508
6 0.875977 0.926270 0.021484 0.028320
6 0.921387 0.396973 0.018555 0.022461
6 0.102539 0.223145 0.027344 0.020508
6 0.433594 0.230957 0.021484 0.036133
6 0.263184 0.583496 0.010742 0.030273
2 0.621582 0.648926 0.047852 0.032227
