3 0.455566 0.041504 0.040039 0.045898
3 0.097656 0.309082 0.037109 0.043945
0 0.721680 0.618652 0.031250 0.040039
0 0.863281 0.669434 0.027344 0.034180
0 0.503906 0.628906 0.031250 0.046875
0 0.296387 0.808594 0.028320 0.035156
1 0.383789 0.703613 0.037109 0.041992
6 0.179688 0.696777 0.013672 0.020508
6 0.110352 0.834961 0.021484 0.031250
2 0.146973 0.551758 0.047852 0.037109
6 0.189941 0.425781 0.012695 0.019531
4 0.441406 0.512695 0.060547 0.058594
6 0.760742 0.372070 0.015625 0.027344
6 0.081543 0.172363 0.024414 0.020508
5 0.388184 0.211426 0.049805 0.053711
