0 0.625977 0.057617 0.042969 0.039062
0 0.300293 0.370605 0.049805 0.036133
0 0.649902 0.700195 0.038086 0.041016
6 0.161621 0.154297 0.020508 0.019531
6 0.933105 0.146973 0.016602 0.030273
6 0.434570 0.187988 0.037109 0.026367
6 0.903320 0.257812 0.021484 0.035156
6 0.545410 0.440430 0.020508 0.023438
6 0.198730 0.511719 0.016602 0.033203
6 0.122070 0.596680 0.027344 0.023438
6 0.286133 0.670410 0.017578 0.028320
6 0.097656 0.784668 0.027344 0.032227
6 0.965332 0.893555 0.014648 0.019531
3 0.377441 0.691406 0.047852 0.048828
2 0.414062 0.909180 0.052734 0.035156
