6 0.937500 0.037598 0.015625 0.018555
6 0.500488 0.104980 0.020508 0.024414
6 0.304688 0.044434 0.021484 0.024414
7 0.133301 0.250488 0.040039 0.055664
0 0.496582 0.248047 0.034180 0.037109
0 0.698730 0.260742 0.034180 0.027344
0 0.765625 0.415039 0.044922 0.037109
0 0.744629 0.608398 0.034180 0.037109
0 0.722168 0.810547 0.030273 0.037109
1 0.508789 0.825684 0.031250 0.041992
5 0.670898 0.488281 0.037109 0.042969
6 0.495605 0.438965 0.016602 0.020508
2 0.224609 0.501953 0.048828 0.031250
0 0.109863 0.835938 0.053711 0.044922
6 0.419922 0.948242 0.013672 0.021484
