6 0.770996 0.148438 0.016602 0.019531
6 0.140137 0.585938 0.014648 0.027344
6 0.130859 0.696289 0.017578 0.029297
6 0.538086 0.686523 0.019531 0.031250
6 0.470703 0.802246 0.015625 0.024414
6 0.930664 0.757812 0.019531 0.023438
0 0.120605 0.068848 0.041992 0.047852
0 0.400879 0.471680 0.026367 0.033203
0 0.473145 0.608887 0.026367 0.024414
0 0.265137 0.727539 0.036133 0.031250
0 0.673340 0.678711 0.040039 0.044922
0 0.512207 0.959961 0.036133 0.039062
3 0.139648 0.868164 0.039062 0.039062
3 0.810547 0.293945 0.027344 0.033203
7 0.319336 0.081055 0.042969 0.042969
