6 0.897949 0.050781 0.022461 0.021484
6 0.312500 0.415527 0.019531 0.022461
6 0.693848 0.736328 0.028320 0.025391
6 0.746582 0.929199 0.026367 0.028320
0 0.840820 0.168457 0.025391 0.028320
0 0.510742 0.319336 0.042969 0.039062
0 0.135742 0.327148 0.039062 0.041016
0 0.068359 0.237305 0.041016 0.041016
0 0.144043 0.527832 0.034180 0.038086
0 0.243164 0.712891 0.031250 0.041016
3 0.475586 0.397949 0.044922 0.045898
1 0.762207 0.551758 0.059570 0.037109
4 0.265137 0.804199 0.049805 0.045898
7 0.319336 0.243164 0.037109 0.046875
