6 0.661621 0.082031 0.024414 0.029297
6 0.550293 0.214355 0.014648 0.024414
6 0.975098 0.157227 0.020508 0.027344
6 0.445312 0.731445 0.025391 0.035156
0 0.759277 0.290039 0.047852 0.046875
0 0.828125 0.083984 0.041016 0.033203
0 0.219238 0.182617 0.032227 0.033203
0 0.131348 0.326172 0.041992 0.052734
0 0.834961 0.499512 0.031250 0.043945
0 0.503418 0.787598 0.036133 0.038086
0 0.328613 0.880859 0.032227 0.035156
3 0.496094 0.434570 0.046875 0.048828
1 0.121582 0.916504 0.032227 0.055664
2 0.840332 0.673340 0.049805 0.043945
5 0.565430 0.688477 0.050781 0.039062
