0 0.504883 0.041992 0.037109 0.037109
0 0.033691 0.038086 0.041992 0.039062
0 0.604980 0.451172 0.045898 0.046875
0 0.663086 0.594727 0.029297 0.033203
0 0.529785 0.816406 0.032227 0.039062
6 0.771484 0.657715 0.017578 0.020508
6 0.961426 0.525391 0.012695 0.025391
6 0.882324 0.363281 0.016602 0.023438
6 0.485840 0.151367 0.018555 0.017578
6 0.458008 0.643066 0.027344 0.022461
5 0.185059 0.654297 0.036133 0.042969
7 0.327148 0.826660 0.074219 0.040039
3 0.040039 0.940430 0.041016 0.039062
7 0.191895 0.348145 0.036133 0.036133
2 0.743652 0.848145 0.032227 0.038086
