2 0.477539 0.083496 0.044922 0.028320
2 0.848633 0.580566 0.062500 0.038086
6 0.201660 0.136719 0.012695 0.035156
6 0.582520 0.144043 0.016602 0.020508
6 0.181641 0.375488 0.015625 0.030273
6 0.305176 0.411133 0.018555 0.025391
6 0.166504 0.430176 0.020508 0.030273
6 0.748535 0.618652 0.028320 0.028320
6 0.595703 0.714355 0.017578 0.030273
0 0.613281 0.244629 0.039062 0.040039
0 0.634277 0.751465 0.032227 0.028320
0 0.135742 0.553711 0.021484 0.031250
0 0.058594 0.205078 0.039062 0.054688
7 0.618164 0.448242 0.060547 0.041016
4 0.417480 0.509277 0.040039 0.045898
