6 0.571289 0.190430 0.017578 0.031250
6 0.841309 0.429688 0.024414 0.031250
6 0.810059 0.242188 0.028320 0.029297
6 0.951172 0.531250 0.027344 0.029297
6 0.749023 0.785156 0.013672 0.029297
6 0.734375 0.864258 0.021484 0.025391
6 0.273926 0.577148 0.016602 0.025391
6 0.108398 0.515625 0.021484 0.035156
6 0.210938 0.081055 0.015625 0.023438
0 0.050293 0.435059 0.049805 0.043945
1 0.100586 0.283203 0.041016 0.039062
5 0.078613 0.680664 0.057617 0.056641
7 0.814453 0.067383 0.054688 0.046875
7 0.421387 0.671387 0.034180 0.051758
0 0.349609 0.968750 0.023438 0.031250
