0 0.562500 0.123047 0.025391 0.033203
6 0.978027 0.189941 0.020508 0.024414
6 0.959961 0.317383 0.015625 0.021484
6 0.263672 0.143066 0.015625 0.026367
6 0.448242 0.243652 0.021484 0.036133
0 0.599609 0.473633 0.027344 0.037109
0 0.377930 0.717773 0.029297 0.035156
0 0.336914 0.826172 0.035156 0.033203
0 0.249023 0.965332 0.039062 0.040039
6 0.927246 0.843750 0.016602 0.019531
1 0.688965 0.906738 0.041992 0.040039
7 0.668457 0.699707 0.049805 0.043945
2 0.267090 0.580078 0.055664 0.029297
4 0.139648 0.345703 0.039062 0.035156
4 0.579102 0.273926 0.048828 0.049805
