6 0.822266 0.276855 0.033203 0.041992
6 0.249023 0.071777 0.021484 0.026367
6 0.311523 0.222168 0.015625 0.030273
6 0.650391 0.441895 0.015625 0.030273
6 0.710938 0.778809 0.025391 0.028320
6 0.905273 0.815430 0.015625 0.029297
6 0.506836 0.852051 0.027344 0.022461
6 0.359863 0.794434 0.016602 0.028320
6 0.186035 0.878906 0.018555 0.025391
0 0.274902 0.418945 0.045898 0.039062
0 0.609863 0.700684 0.047852 0.038086
0 0.720215 0.480469 0.047852 0.041016
0 0.738281 0.884766 0.031250 0.050781
0 0.770996 0.405762 0.034180 0.036133
1 0.391602 0.675781 0.041016 0.064453
