1 0.469727 0.204590 0.023438 0.040039
0 0.823242 0.337891 0.035156 0.033203
0 0.120605 0.033691 0.045898 0.045898
0 0.129883 0.465332 0.044922 0.040039
0 0.383301 0.571777 0.028320 0.036133
0 0.318848 0.788574 0.040039 0.040039
0 0.196289 0.957031 0.046875 0.041016
4 0.520996 0.927734 0.043945 0.039062
6 0.192383 0.549316 0.011719 0.018555
6 0.238770 0.660645 0.016602 0.030273
6 0.488281 0.625977 0.027344 0.039062
6 0.629395 0.746582 0.014648 0.020508
6 0.916016 0.887695 0.023438 0.017578
6 0.102051 0.677734 0.018555 0.023438
6 0.819824 0.445312 0.018555 0.019531
