3 0.297852 0.088379 0.037109 0.036133
0 0.719238 0.112793 0.036133 0.040039
0 0.340820 0.203613 0.033203 0.032227
6 0.669922 0.139648 0.015625 0.023438
0 0.587891 0.295410 0.048828 0.040039
6 0.971191 0.318848 0.012695 0.028320
6 0.365723 0.385254 0.028320 0.036133
6 0.412109 0.498535 0.031250 0.030273
0 0.671875 0.503906 0.021484 0.042969
6 0.227051 0.604004 0.018555 0.024414
4 0.399414 0.674805 0.052734 0.050781
1 0.817383 0.646973 0.044922 0.032227
6 0.425293 0.838867 0.016602 0.021484
6 0.387207 0.915527 0.018555 0.022461
