6 0.969238 0.099121 0.016602 0.016602
6 0.108398 0.360352 0.031250 0.035156
6 0.610352 0.362305 0.023438 0.025391
6 0.827637 0.354980 0.022461 0.036133
6 0.365234 0.827148 0.025391 0.041016
6 0.526367 0.925781 0.027344 0.027344
6 0.729980 0.789551 0.022461 0.030273
6 0.964355 0.687988 0.020508 0.032227
0 0.635742 0.515137 0.044922 0.045898
0 0.080078 0.835449 0.033203 0.040039
0 0.578125 0.198242 0.046875 0.042969
1 0.305176 0.228027 0.030273 0.053711
2 0.257324 0.609863 0.051758 0.038086
2 0.415527 0.739258 0.040039 0.031250
4 0.678711 0.654785 0.041016 0.041992
