0 0.373535 0.247070 0.028320 0.042969
0 0.346191 0.781738 0.040039 0.043945
0 0.528809 0.821777 0.041992 0.041992
0 0.385254 0.851562 0.024414 0.029297
4 0.319824 0.326660 0.034180 0.041992
4 0.070801 0.304688 0.041992 0.037109
6 0.554688 0.442871 0.031250 0.030273
6 0.357910 0.549805 0.022461 0.025391
6 0.193359 0.604492 0.023438 0.019531
6 0.082031 0.752441 0.017578 0.024414
6 0.185547 0.857422 0.017578 0.027344
6 0.858398 0.666016 0.031250 0.021484
6 0.980957 0.913574 0.020508 0.022461
5 0.092285 0.452148 0.049805 0.048828
2 0.634766 0.305176 0.062500 0.038086
