6 0.829590 0.022949 0.018555 0.024414
6 0.191406 0.143066 0.021484 0.026367
6 0.365234 0.177246 0.017578 0.020508
6 0.831543 0.603516 0.010742 0.025391
6 0.797363 0.800293 0.016602 0.026367
6 0.513672 0.759766 0.015625 0.027344
6 0.108887 0.727539 0.024414 0.029297
0 0.084961 0.063965 0.035156 0.038086
0 0.497070 0.185059 0.035156 0.045898
0 0.339355 0.323242 0.043945 0.039062
0 0.090820 0.371094 0.031250 0.048828
0 0.568848 0.541992 0.045898 0.044922
0 0.410645 0.587891 0.024414 0.033203
0 0.209473 0.688477 0.041992 0.037109
0 0.059082 0.868164 0.038086 0.041016
