7 0.503906 0.118652 0.039062 0.053711
0 0.486816 0.458008 0.041992 0.037109
0 0.854492 0.431152 0.031250 0.032227
0 0.190918 0.711914 0.061523 0.037109
0 0.481445 0.680664 0.052734 0.056641
0 0.694824 0.694336 0.036133 0.035156
0 0.164551 0.865723 0.036133 0.036133
0 0.254883 0.173828 0.029297 0.029297
6 0.601562 0.301758 0.031250 0.027344
6 0.769531 0.250977 0.033203 0.037109
6 0.977051 0.252930 0.020508 0.029297
6 0.141113 0.385742 0.020508 0.023438
6 0.347656 0.425781 0.015625 0.025391
6 0.245605 0.521484 0.036133 0.025391
4 0.376953 0.868652 0.046875 0.040039
