6 0.788086 0.047363 0.017578 0.020508
6 0.922363 0.316895 0.012695 0.016602
6 0.862305 0.421875 0.015625 0.025391
6 0.675781 0.514648 0.013672 0.027344
6 0.290527 0.796387 0.020508 0.018555
0 0.259277 0.190918 0.040039 0.041992
0 0.341309 0.355469 0.032227 0.048828
0 0.166504 0.421875 0.034180 0.031250
0 0.834961 0.540527 0.029297 0.038086
0 0.838867 0.960449 0.029297 0.038086
0 0.433105 0.871094 0.036133 0.033203
1 0.492188 0.123535 0.029297 0.043945
1 0.460449 0.594727 0.045898 0.041016
5 0.089844 0.104004 0.041016 0.045898
4 0.707031 0.142578 0.044922 0.046875
