0 0.320801 0.031250 0.034180 0.041016
0 0.102539 0.144043 0.035156 0.030273
0 0.200684 0.390137 0.032227 0.036133
0 0.770020 0.186035 0.024414 0.041992
0 0.781738 0.281738 0.030273 0.038086
0 0.076172 0.707520 0.052734 0.034180
6 0.569824 0.596680 0.018555 0.023438
6 0.762695 0.577637 0.015625 0.030273
6 0.641602 0.307129 0.013672 0.022461
6 0.779785 0.347656 0.022461 0.025391
6 0.950684 0.770996 0.016602 0.030273
3 0.049805 0.611816 0.046875 0.043945
1 0.118164 0.266113 0.035156 0.047852
1 0.463867 0.224609 0.035156 0.041016
6 0.711426 0.761719 0.018555 0.021484
