6 0.407715 0.102051 0.014648 0.020508
6 0.672852 0.083984 0.027344 0.019531
0 0.771973 0.173828 0.041992 0.044922
6 0.637695 0.195801 0.017578 0.016602
6 0.679199 0.412109 0.016602 0.025391
6 0.668945 0.465332 0.019531 0.026367
6 0.865234 0.520508 0.015625 0.025391
0 0.665039 0.584961 0.029297 0.027344
0 0.103516 0.492676 0.039062 0.041992
7 0.191895 0.695312 0.038086 0.048828
7 0.405273 0.721680 0.031250 0.037109
5 0.703125 0.692383 0.037109 0.041016
7 0.549805 0.834961 0.074219 0.035156
3 0.071777 0.888184 0.036133 0.038086
