0 0.479004 0.144531 0.043945 0.042969
0 0.033691 0.460938 0.032227 0.033203
0 0.132324 0.840820 0.038086 0.037109
0 0.512695 0.690918 0.048828 0.040039
0 0.403320 0.742188 0.042969 0.025391
0 0.862305 0.616699 0.025391 0.026367
0 0.840820 0.770996 0.031250 0.028320
6 0.288574 0.109375 0.018555 0.021484
6 0.364746 0.324219 0.014648 0.023438
6 0.416504 0.543457 0.020508 0.026367
6 0.636719 0.495117 0.021484 0.021484
6 0.344727 0.731445 0.011719 0.019531
6 0.874023 0.868164 0.019531 0.019531
6 0.821777 0.970215 0.016602 0.026367
4 0.645020 0.791504 0.049805 0.045898
