0 0.268555 0.135742 0.031250 0.033203
0 0.038086 0.178223 0.046875 0.043945
0 0.264160 0.301270 0.034180 0.038086
0 0.583008 0.170898 0.019531 0.042969
0 0.592285 0.320312 0.036133 0.035156
0 0.566895 0.697754 0.043945 0.045898
0 0.339844 0.734375 0.039062 0.042969
0 0.119629 0.607910 0.040039 0.045898
0 0.779297 0.742188 0.039062 0.041016
6 0.973145 0.558105 0.026367 0.018555
6 0.788086 0.564941 0.015625 0.028320
6 0.620117 0.744629 0.027344 0.022461
4 0.366699 0.560059 0.040039 0.030273
2 0.788574 0.149902 0.049805 0.034180
5 0.049316 0.770020 0.049805 0.055664
