6 0.697266 0.066406 0.023438 0.027344
7 0.766113 0.130859 0.047852 0.042969
0 0.778809 0.265625 0.032227 0.041016
0 0.903320 0.441895 0.031250 0.030273
0 0.236328 0.323730 0.033203 0.049805
0 0.368652 0.456055 0.034180 0.037109
0 0.301758 0.878906 0.029297 0.035156
6 0.289551 0.472656 0.010742 0.023438
6 0.523926 0.766113 0.008789 0.022461
6 0.228516 0.817871 0.021484 0.018555
6 0.633789 0.932617 0.019531 0.035156
6 0.371094 0.951660 0.021484 0.028320
5 0.742676 0.552246 0.043945 0.057617
1 0.392578 0.624023 0.037109 0.035156
1 0.775391 0.909668 0.033203 0.059570
