0 0.350586 0.075684 0.035156 0.036133
0 0.518066 0.114258 0.041992 0.050781
0 0.556641 0.423340 0.025391 0.030273
0 0.102539 0.313965 0.029297 0.040039
0 0.516602 0.854492 0.035156 0.042969
6 0.839844 0.377441 0.009766 0.026367
6 0.096680 0.147461 0.015625 0.025391
6 0.226562 0.227539 0.017578 0.029297
6 0.307129 0.437500 0.016602 0.023438
6 0.687988 0.488770 0.022461 0.034180
6 0.967285 0.747559 0.010742 0.032227
6 0.808594 0.879395 0.025391 0.030273
4 0.367676 0.637207 0.026367 0.036133
6 0.471191 0.906738 0.020508 0.024414
5 0.776855 0.551270 0.043945 0.045898
