3 0.675781 0.102539 0.041016 0.037109
3 0.559082 0.716797 0.043945 0.042969
6 0.341797 0.657227 0.021484 0.039062
6 0.923340 0.351074 0.012695 0.018555
6 0.785645 0.395996 0.016602 0.020508
6 0.909180 0.480957 0.011719 0.016602
6 0.810547 0.537598 0.019531 0.018555
6 0.872070 0.743164 0.013672 0.027344
6 0.840820 0.843262 0.019531 0.016602
0 0.187988 0.046875 0.036133 0.044922
7 0.145508 0.205078 0.046875 0.044922
1 0.111328 0.284180 0.039062 0.025391
0 0.179688 0.778320 0.031250 0.042969
0 0.145508 0.979980 0.033203 0.028320
0 0.758301 0.968262 0.034180 0.041992
