0 0.404297 0.089355 0.048828 0.041992
0 0.863281 0.177246 0.021484 0.028320
0 0.370117 0.869629 0.046875 0.036133
6 0.305176 0.142578 0.014648 0.023438
6 0.543945 0.202637 0.025391 0.028320
6 0.601562 0.364746 0.021484 0.022461
6 0.956543 0.230469 0.020508 0.019531
6 0.130371 0.659180 0.020508 0.019531
6 0.331543 0.730957 0.024414 0.020508
6 0.504395 0.728516 0.018555 0.019531
6 0.813965 0.850098 0.020508 0.018555
6 0.708008 0.935059 0.017578 0.022461
4 0.417969 0.565430 0.041016 0.037109
4 0.100586 0.590332 0.035156 0.034180
0 0.622559 0.682617 0.034180 0.033203
