0 0.818848 0.144043 0.038086 0.036133
0 0.640625 0.325684 0.031250 0.043945
0 0.413574 0.441895 0.034180 0.038086
0 0.744629 0.658691 0.049805 0.041992
0 0.467773 0.862793 0.041016 0.030273
6 0.718750 0.819824 0.033203 0.028320
6 0.834961 0.408691 0.021484 0.028320
6 0.648926 0.407715 0.012695 0.022461
6 0.113281 0.110840 0.011719 0.020508
6 0.179199 0.283691 0.018555 0.020508
5 0.128906 0.508789 0.041016 0.035156
4 0.129395 0.621582 0.051758 0.049805
1 0.510742 0.630859 0.029297 0.042969
4 0.370117 0.209961 0.035156 0.039062
0 0.861816 0.581543 0.028320 0.030273
