6 0.597656 0.092285 0.013672 0.020508
6 0.790039 0.345215 0.023438 0.034180
6 0.593750 0.450195 0.025391 0.021484
6 0.767090 0.649414 0.016602 0.021484
6 0.716309 0.786133 0.022461 0.021484
6 0.704590 0.950195 0.018555 0.027344
6 0.137207 0.074707 0.034180 0.020508
0 0.337891 0.363281 0.037109 0.041016
0 0.187988 0.451172 0.036133 0.035156
0 0.044922 0.199707 0.039062 0.047852
0 0.240723 0.692383 0.038086 0.042969
0 0.079590 0.865723 0.047852 0.045898
0 0.429199 0.802734 0.030273 0.037109
0 0.870117 0.337891 0.033203 0.029297
0 0.800781 0.910156 0.027344 0.031250
