6 0.407715 0.075195 0.018555 0.019531
6 0.631836 0.192383 0.017578 0.031250
6 0.776367 0.343750 0.021484 0.031250
6 0.885742 0.426270 0.017578 0.032227
6 0.963867 0.559082 0.013672 0.030273
6 0.715332 0.535645 0.030273 0.034180
6 0.328613 0.399414 0.010742 0.035156
6 0.239258 0.423340 0.027344 0.034180
0 0.452148 0.384766 0.037109 0.048828
0 0.259277 0.168945 0.036133 0.037109
0 0.583984 0.773926 0.025391 0.032227
0 0.625000 0.964844 0.029297 0.033203
2 0.842773 0.211426 0.037109 0.053711
2 0.431152 0.612305 0.049805 0.035156
2 0.254883 0.816406 0.066406 0.041016
