0 0.631836 0.116699 0.037109 0.041992
0 0.125977 0.080566 0.042969 0.036133
0 0.135742 0.295898 0.025391 0.029297
0 0.327637 0.340820 0.043945 0.044922
0 0.183105 0.613770 0.034180 0.041992
0 0.468262 0.665039 0.041992 0.033203
0 0.462402 0.870605 0.028320 0.036133
6 0.369629 0.020508 0.014648 0.023438
6 0.373535 0.197266 0.010742 0.019531
6 0.709473 0.848145 0.016602 0.026367
6 0.826172 0.884766 0.023438 0.021484
7 0.670410 0.395020 0.073242 0.045898
7 0.583984 0.186035 0.050781 0.036133
5 0.679688 0.627930 0.044922 0.062500
2 0.095215 0.778809 0.071289 0.041992
