0 0.723633 0.133789 0.033203 0.039062
0 0.407715 0.122070 0.024414 0.031250
0 0.328613 0.197266 0.026367 0.033203
0 0.540039 0.720215 0.041016 0.032227
6 0.921875 0.433105 0.017578 0.020508
6 0.861328 0.727051 0.015625 0.024414
6 0.963379 0.929199 0.012695 0.020508
6 0.759277 0.936035 0.018555 0.026367
6 0.366211 0.746094 0.017578 0.027344
6 0.600586 0.616211 0.015625 0.021484
6 0.612793 0.471191 0.022461 0.036133
6 0.150879 0.217773 0.034180 0.029297
6 0.600098 0.239746 0.018555 0.022461
3 0.075195 0.359375 0.048828 0.041016
7 0.131348 0.652344 0.057617 0.050781
