6 0.427734 0.041992 0.017578 0.023438
6 0.454590 0.197266 0.012695 0.029297
6 0.295410 0.317383 0.014648 0.029297
6 0.139160 0.369141 0.020508 0.027344
6 0.541016 0.427246 0.011719 0.028320
6 0.269043 0.706055 0.012695 0.025391
0 0.498535 0.118164 0.032227 0.037109
0 0.681152 0.507812 0.030273 0.033203
0 0.688965 0.663574 0.045898 0.043945
5 0.600586 0.248047 0.041016 0.042969
3 0.845215 0.387695 0.047852 0.044922
4 0.477539 0.554199 0.048828 0.047852
0 0.344238 0.864746 0.034180 0.034180
0 0.217285 0.955078 0.024414 0.027344
6 0.879395 0.497559 0.018555 0.020508
