0 0.027832 0.049805 0.032227 0.039062
0 0.562988 0.248047 0.047852 0.056641
0 0.117188 0.464844 0.046875 0.042969
0 0.448730 0.471191 0.049805 0.041992
0 0.540527 0.572754 0.028320 0.028320
6 0.846680 0.477051 0.019531 0.024414
6 0.916016 0.583008 0.015625 0.033203
6 0.584473 0.664062 0.016602 0.017578
6 0.240234 0.648926 0.023438 0.020508
6 0.482910 0.886230 0.026367 0.026367
6 0.219238 0.810547 0.018555 0.025391
6 0.095703 0.888184 0.017578 0.022461
3 0.788574 0.785156 0.047852 0.048828
3 0.337891 0.214355 0.042969 0.047852
1 0.299316 0.057129 0.032227 0.045898
