0 0.665039 0.046875 0.037109 0.048828
0 0.634277 0.446777 0.047852 0.030273
0 0.088379 0.602051 0.032227 0.040039
0 0.388184 0.822266 0.043945 0.039062
0 0.735352 0.860352 0.041016 0.037109
6 0.646484 0.249512 0.025391 0.020508
6 0.603516 0.310547 0.017578 0.021484
6 0.344727 0.478027 0.019531 0.016602
6 0.340820 0.533203 0.019531 0.021484
6 0.127930 0.813477 0.025391 0.023438
6 0.452637 0.938965 0.016602 0.020508
3 0.791016 0.276367 0.039062 0.039062
5 0.173828 0.231934 0.058594 0.049805
3 0.433105 0.517090 0.034180 0.034180
3 0.087891 0.472168 0.039062 0.041992
