6 0.736328 0.287598 0.021484 0.026367
6 0.949219 0.395508 0.023438 0.035156
6 0.920898 0.514160 0.015625 0.020508
6 0.648926 0.723633 0.016602 0.019531
6 0.491211 0.819336 0.017578 0.031250
6 0.077637 0.429688 0.014648 0.021484
6 0.291504 0.160156 0.022461 0.027344
0 0.089844 0.326660 0.044922 0.045898
0 0.275391 0.465820 0.037109 0.035156
0 0.481934 0.392578 0.040039 0.035156
0 0.342285 0.638672 0.034180 0.039062
0 0.020996 0.555664 0.032227 0.031250
2 0.708984 0.166992 0.029297 0.048828
2 0.636719 0.512207 0.046875 0.045898
2 0.768066 0.735840 0.045898 0.049805
