0 0.610352 0.171387 0.050781 0.043945
0 0.418945 0.177734 0.042969 0.042969
0 0.031738 0.101074 0.043945 0.040039
0 0.605469 0.394043 0.041016 0.036133
0 0.356934 0.544922 0.032227 0.029297
0 0.149414 0.753906 0.033203 0.044922
0 0.762695 0.717285 0.042969 0.053711
0 0.693848 0.851562 0.040039 0.044922
1 0.750488 0.516602 0.047852 0.025391
6 0.292480 0.167969 0.012695 0.021484
6 0.231445 0.317383 0.013672 0.021484
6 0.456543 0.800781 0.024414 0.023438
6 0.203125 0.948242 0.019531 0.023438
3 0.353516 0.319824 0.050781 0.041992
5 0.130371 0.545410 0.051758 0.047852
