6 0.607422 0.155762 0.023438 0.022461
6 0.799316 0.320801 0.016602 0.020508
6 0.624512 0.333008 0.012695 0.027344
6 0.540527 0.658203 0.018555 0.023438
6 0.710938 0.622070 0.011719 0.021484
6 0.390137 0.690918 0.016602 0.022461
6 0.200195 0.829102 0.021484 0.029297
4 0.770508 0.193359 0.037109 0.033203
4 0.077148 0.178711 0.041016 0.044922
0 0.733398 0.562012 0.027344 0.043945
0 0.264648 0.980469 0.033203 0.033203
0 0.195312 0.493164 0.031250 0.033203
0 0.133789 0.665039 0.023438 0.025391
3 0.288086 0.219238 0.041016 0.053711
7 0.519043 0.433594 0.055664 0.039062
