6 0.194336 0.063965 0.013672 0.020508
6 0.470215 0.150879 0.020508 0.022461
6 0.443848 0.223633 0.018555 0.021484
6 0.845215 0.260254 0.016602 0.026367
0 0.518555 0.358887 0.033203 0.034180
2 0.565430 0.504883 0.050781 0.033203
0 0.858887 0.485840 0.036133 0.034180
0 0.084473 0.479004 0.047852 0.036133
5 0.185059 0.669922 0.061523 0.048828
5 0.044922 0.841797 0.048828 0.039062
2 0.312012 0.893555 0.038086 0.037109
6 0.584473 0.853516 0.018555 0.019531
5 0.728516 0.638672 0.035156 0.039062
0 0.736328 0.876465 0.031250 0.034180
6 0.585938 0.964844 0.023438 0.015625
