0 0.405762 0.133789 0.034180 0.039062
0 0.637207 0.115234 0.034180 0.044922
0 0.269531 0.305664 0.025391 0.033203
0 0.076660 0.797852 0.043945 0.033203
0 0.381836 0.857422 0.035156 0.033203
0 0.857910 0.811523 0.032227 0.039062
1 0.702637 0.743164 0.055664 0.025391
1 0.643555 0.523438 0.021484 0.046875
6 0.966309 0.942383 0.014648 0.027344
6 0.439453 0.951660 0.011719 0.016602
6 0.437012 0.740234 0.018555 0.017578
6 0.295410 0.823730 0.018555 0.018555
6 0.143555 0.670410 0.015625 0.022461
6 0.258789 0.478027 0.017578 0.020508
0 0.404785 0.591309 0.036133 0.040039
