0 0.591797 0.055176 0.058594 0.053711
6 0.952148 0.037598 0.017578 0.028320
6 0.874512 0.198730 0.022461 0.024414
6 0.397461 0.325195 0.023438 0.023438
6 0.322266 0.582520 0.019531 0.024414
6 0.116211 0.719727 0.021484 0.031250
6 0.669434 0.861328 0.022461 0.023438
6 0.504395 0.950684 0.026367 0.026367
6 0.367188 0.930176 0.029297 0.028320
0 0.220215 0.788086 0.036133 0.031250
1 0.760254 0.586426 0.040039 0.049805
1 0.077637 0.474609 0.034180 0.054688
7 0.462891 0.389160 0.050781 0.045898
7 0.385254 0.720703 0.055664 0.050781
7 0.319824 0.162109 0.065430 0.039062
