6 0.473145 0.101074 0.018555 0.020508
6 0.678711 0.230469 0.025391 0.031250
6 0.178223 0.122559 0.016602 0.022461
6 0.249023 0.378418 0.021484 0.022461
6 0.121094 0.388672 0.015625 0.027344
6 0.166992 0.652344 0.021484 0.023438
6 0.263672 0.913574 0.023438 0.030273
6 0.524902 0.811523 0.014648 0.033203
6 0.494141 0.908691 0.019531 0.020508
1 0.757812 0.389648 0.025391 0.044922
0 0.268555 0.220215 0.037109 0.036133
0 0.347656 0.443848 0.039062 0.049805
4 0.345215 0.603027 0.030273 0.036133
0 0.617676 0.707031 0.030273 0.031250
0 0.046875 0.552246 0.035156 0.034180
