0 0.547852 0.130859 0.031250 0.037109
0 0.753906 0.095703 0.042969 0.044922
0 0.535156 0.228516 0.025391 0.027344
0 0.639648 0.322266 0.035156 0.027344
0 0.630859 0.702148 0.029297 0.039062
0 0.520996 0.856934 0.040039 0.043945
6 0.557617 0.616211 0.019531 0.021484
6 0.299805 0.580566 0.019531 0.028320
6 0.183594 0.359375 0.011719 0.023438
6 0.461426 0.330078 0.016602 0.023438
6 0.573242 0.967773 0.023438 0.031250
1 0.163086 0.916016 0.031250 0.044922
7 0.048340 0.686035 0.047852 0.045898
1 0.352539 0.401367 0.029297 0.037109
4 0.221191 0.144531 0.043945 0.042969
