0 0.186035 0.083496 0.030273 0.030273
0 0.792969 0.034668 0.048828 0.043945
0 0.573242 0.368652 0.027344 0.028320
0 0.339844 0.258301 0.035156 0.036133
0 0.202148 0.523438 0.046875 0.039062
0 0.726074 0.612305 0.034180 0.044922
0 0.516113 0.250000 0.032227 0.037109
0 0.088867 0.923340 0.048828 0.040039
6 0.563965 0.058594 0.012695 0.027344
6 0.112305 0.371094 0.019531 0.025391
6 0.910156 0.370117 0.023438 0.025391
5 0.360840 0.586914 0.036133 0.035156
6 0.519531 0.864746 0.017578 0.034180
3 0.700684 0.800293 0.051758 0.043945
6 0.219238 0.163086 0.016602 0.025391
