6 0.178223 0.015137 0.020508 0.022461
6 0.390137 0.359375 0.016602 0.029297
6 0.369141 0.638672 0.017578 0.027344
6 0.644043 0.777832 0.020508 0.024414
6 0.904297 0.632324 0.015625 0.032227
1 0.742676 0.173828 0.043945 0.041016
0 0.785156 0.454590 0.044922 0.040039
0 0.169922 0.831055 0.044922 0.046875
0 0.440918 0.397461 0.032227 0.037109
0 0.148438 0.359863 0.039062 0.034180
0 0.040039 0.529297 0.027344 0.031250
3 0.383301 0.242676 0.041992 0.041992
2 0.314941 0.749023 0.043945 0.027344
5 0.563477 0.587402 0.048828 0.041992
0 0.727539 0.809082 0.029297 0.038086
