0 0.215820 0.109863 0.033203 0.032227
0 0.537109 0.079590 0.042969 0.043945
0 0.758789 0.297363 0.029297 0.030273
0 0.531250 0.440430 0.023438 0.037109
0 0.190430 0.513672 0.037109 0.044922
0 0.023926 0.564941 0.038086 0.040039
0 0.522461 0.715332 0.039062 0.041992
0 0.461914 0.948730 0.044922 0.038086
6 0.978027 0.357422 0.014648 0.017578
6 0.773438 0.588379 0.019531 0.026367
6 0.945312 0.764160 0.013672 0.026367
6 0.163086 0.657715 0.013672 0.022461
6 0.381348 0.735840 0.018555 0.026367
6 0.167969 0.845703 0.021484 0.019531
2 0.238770 0.202637 0.075195 0.045898
