6 0.610352 0.089355 0.013672 0.020508
7 0.798340 0.152344 0.041992 0.058594
6 0.844727 0.232422 0.015625 0.023438
0 0.518066 0.165039 0.028320 0.035156
0 0.185547 0.185547 0.044922 0.035156
0 0.417480 0.533691 0.041992 0.041992
0 0.607422 0.601562 0.029297 0.048828
0 0.532227 0.916504 0.029297 0.024414
0 0.243652 0.688965 0.041992 0.030273
0 0.323242 0.296387 0.041016 0.032227
6 0.245605 0.481445 0.014648 0.019531
6 0.854980 0.393066 0.014648 0.020508
1 0.567871 0.443848 0.032227 0.051758
6 0.482910 0.675781 0.020508 0.021484
6 0.852051 0.772949 0.016602 0.022461
