6 0.577148 0.136230 0.017578 0.026367
6 0.079590 0.315430 0.012695 0.023438
6 0.724609 0.899902 0.017578 0.026367
6 0.952637 0.727539 0.008789 0.037109
0 0.729980 0.078613 0.034180 0.040039
0 0.830566 0.131348 0.034180 0.040039
0 0.677734 0.271973 0.042969 0.030273
0 0.483398 0.269531 0.037109 0.039062
0 0.284180 0.331543 0.031250 0.034180
0 0.065430 0.448730 0.050781 0.049805
0 0.755371 0.421875 0.032227 0.046875
0 0.630859 0.706543 0.048828 0.043945
2 0.452148 0.542969 0.042969 0.044922
5 0.237793 0.794434 0.047852 0.043945
0 0.384766 0.925781 0.041016 0.044922
