6 0.689941 0.046387 0.024414 0.024414
6 0.685547 0.192871 0.017578 0.024414
0 0.810547 0.625000 0.041016 0.033203
0 0.651367 0.834473 0.041016 0.034180
0 0.795898 0.892578 0.031250 0.031250
0 0.247070 0.967773 0.035156 0.037109
0 0.416016 0.309082 0.029297 0.026367
0 0.129883 0.249512 0.035156 0.043945
3 0.300781 0.490723 0.039062 0.043945
6 0.181152 0.518555 0.030273 0.035156
1 0.353027 0.650879 0.061523 0.034180
0 0.567383 0.472656 0.035156 0.041016
0 0.711426 0.395996 0.038086 0.040039
7 0.369629 0.053711 0.055664 0.041016
6 0.720703 0.929688 0.015625 0.019531
