6 0.387695 0.033203 0.019531 0.017578
6 0.258301 0.153320 0.022461 0.025391
6 0.664551 0.113770 0.018555 0.026367
0 0.783691 0.108887 0.041992 0.045898
1 0.773926 0.310547 0.063477 0.029297
6 0.742188 0.507324 0.019531 0.022461
6 0.910156 0.571777 0.029297 0.026367
2 0.362305 0.437988 0.068359 0.041992
0 0.082031 0.463867 0.039062 0.041016
0 0.113281 0.700195 0.033203 0.033203
4 0.299805 0.838379 0.048828 0.041992
0 0.849609 0.695801 0.037109 0.034180
6 0.793945 0.901367 0.015625 0.021484
6 0.952637 0.857910 0.022461 0.020508
3 0.358887 0.281738 0.038086 0.036133
