6 0.100098 0.061523 0.016602 0.025391
6 0.479004 0.144531 0.028320 0.029297
6 0.905762 0.252930 0.014648 0.033203
6 0.879395 0.338379 0.024414 0.032227
6 0.199707 0.736328 0.028320 0.029297
3 0.320312 0.209473 0.039062 0.040039
0 0.201660 0.651855 0.040039 0.038086
0 0.548828 0.468750 0.027344 0.035156
0 0.778320 0.541016 0.029297 0.046875
0 0.555664 0.178223 0.041016 0.036133
0 0.795898 0.115723 0.033203 0.034180
0 0.684570 0.684570 0.050781 0.037109
0 0.194824 0.952148 0.036133 0.037109
2 0.591797 0.772461 0.050781 0.035156
7 0.174805 0.366699 0.070312 0.032227
