0 0.283691 0.146973 0.034180 0.040039
6 0.599609 0.140137 0.015625 0.026367
6 0.868164 0.021973 0.017578 0.030273
6 0.901855 0.184082 0.016602 0.028320
6 0.452148 0.271973 0.025391 0.032227
6 0.777344 0.393555 0.019531 0.029297
6 0.473145 0.379883 0.020508 0.031250
6 0.385742 0.469238 0.015625 0.024414
6 0.685547 0.862793 0.015625 0.034180
0 0.458496 0.632324 0.034180 0.041992
0 0.200684 0.635742 0.028320 0.035156
0 0.046875 0.594727 0.029297 0.044922
0 0.422852 0.891602 0.021484 0.031250
4 0.190918 0.351562 0.053711 0.048828
0 0.753906 0.626465 0.041016 0.040039
