7 0.696777 0.081543 0.075195 0.034180
6 0.572754 0.166016 0.018555 0.027344
6 0.391602 0.326660 0.019531 0.026367
6 0.791504 0.337402 0.018555 0.032227
6 0.384277 0.910156 0.026367 0.025391
6 0.579590 0.925293 0.030273 0.036133
6 0.956543 0.674805 0.022461 0.035156
7 0.781250 0.551270 0.035156 0.041992
0 0.269531 0.224121 0.041016 0.032227
0 0.044922 0.369629 0.039062 0.024414
0 0.169922 0.868652 0.029297 0.034180
0 0.463867 0.665527 0.023438 0.028320
5 0.306641 0.561035 0.060547 0.051758
2 0.155762 0.777344 0.053711 0.031250
4 0.680176 0.772949 0.051758 0.049805
