6 0.247559 0.036621 0.032227 0.030273
6 0.497559 0.056152 0.018555 0.024414
6 0.807617 0.043945 0.013672 0.025391
6 0.734375 0.193848 0.023438 0.040039
0 0.822754 0.151367 0.028320 0.039062
0 0.168945 0.280762 0.033203 0.040039
0 0.105957 0.419922 0.036133 0.035156
0 0.248535 0.649414 0.038086 0.033203
0 0.488770 0.870605 0.036133 0.034180
0 0.695312 0.928711 0.023438 0.033203
0 0.864746 0.810547 0.043945 0.035156
6 0.578613 0.668457 0.016602 0.028320
0 0.251465 0.149414 0.032227 0.027344
2 0.378418 0.250000 0.063477 0.035156
4 0.503906 0.428223 0.042969 0.043945
