6 0.808594 0.239258 0.017578 0.041016
6 0.838379 0.345215 0.012695 0.018555
6 0.491699 0.198730 0.016602 0.020508
6 0.156738 0.460449 0.032227 0.026367
6 0.941406 0.664062 0.011719 0.021484
0 0.663574 0.463867 0.036133 0.041016
0 0.708984 0.547363 0.033203 0.038086
0 0.729492 0.924316 0.029297 0.034180
0 0.237793 0.917480 0.040039 0.032227
0 0.051758 0.904297 0.033203 0.029297
0 0.108887 0.612305 0.041992 0.042969
3 0.428223 0.397949 0.038086 0.043945
3 0.110352 0.333496 0.044922 0.040039
5 0.389160 0.572266 0.047852 0.058594
5 0.444824 0.829102 0.049805 0.056641
