0 0.573242 0.109863 0.035156 0.038086
6 0.405762 0.134766 0.020508 0.031250
0 0.735352 0.258789 0.048828 0.052734
0 0.041504 0.311035 0.043945 0.038086
0 0.049316 0.448730 0.028320 0.036133
0 0.114258 0.554199 0.042969 0.041992
0 0.681641 0.598145 0.031250 0.034180
0 0.889648 0.666992 0.042969 0.033203
0 0.304688 0.858887 0.042969 0.041992
3 0.255371 0.394531 0.036133 0.037109
2 0.616699 0.394043 0.049805 0.036133
6 0.661133 0.706543 0.021484 0.026367
6 0.246094 0.783691 0.025391 0.038086
6 0.573242 0.885742 0.025391 0.025391
6 0.694336 0.918945 0.048828 0.044922
