0 0.605957 0.058594 0.026367 0.031250
0 0.063477 0.032715 0.031250 0.030273
0 0.187988 0.212402 0.036133 0.032227
0 0.442871 0.243652 0.024414 0.034180
0 0.711914 0.630371 0.035156 0.045898
0 0.793945 0.924316 0.023438 0.032227
0 0.060059 0.764160 0.028320 0.040039
6 0.903809 0.072266 0.026367 0.023438
6 0.854004 0.131348 0.020508 0.024414
6 0.354004 0.379883 0.020508 0.031250
6 0.664062 0.593262 0.017578 0.028320
6 0.316895 0.757812 0.020508 0.023438
1 0.471680 0.840332 0.048828 0.030273
3 0.253418 0.542969 0.041992 0.046875
3 0.540039 0.417480 0.068359 0.051758
