3 0.579102 0.145996 0.033203 0.038086
3 0.230469 0.223145 0.041016 0.038086
3 0.145020 0.731934 0.041992 0.041992
0 0.776367 0.148926 0.035156 0.036133
0 0.586426 0.461914 0.030273 0.031250
0 0.299316 0.443359 0.045898 0.035156
0 0.437988 0.716797 0.034180 0.033203
0 0.663086 0.919922 0.041016 0.042969
0 0.879883 0.373047 0.035156 0.037109
6 0.904297 0.233887 0.015625 0.026367
6 0.126465 0.538086 0.016602 0.025391
6 0.799805 0.609863 0.015625 0.028320
6 0.580566 0.878418 0.020508 0.036133
6 0.105957 0.917969 0.020508 0.021484
4 0.673828 0.707031 0.033203 0.039062
