6 0.519043 0.161621 0.018555 0.024414
6 0.688965 0.173828 0.016602 0.027344
6 0.099609 0.378418 0.019531 0.020508
6 0.334473 0.400879 0.026367 0.026367
6 0.425293 0.663574 0.016602 0.024414
6 0.690918 0.501465 0.022461 0.024414
6 0.661133 0.606445 0.021484 0.023438
6 0.529785 0.737305 0.012695 0.021484
0 0.045898 0.126465 0.037109 0.040039
0 0.758301 0.630371 0.032227 0.036133
7 0.293457 0.291016 0.040039 0.042969
3 0.378418 0.863281 0.034180 0.039062
3 0.112305 0.877930 0.044922 0.041016
5 0.652344 0.791992 0.046875 0.046875
4 0.739258 0.395020 0.044922 0.034180
