6 0.115723 0.117188 0.018555 0.023438
0 0.577637 0.119141 0.028320 0.029297
0 0.131348 0.227051 0.028320 0.034180
0 0.690430 0.280762 0.042969 0.036133
6 0.331055 0.376465 0.025391 0.020508
6 0.845215 0.492676 0.020508 0.024414
2 0.126465 0.576172 0.045898 0.029297
1 0.551758 0.583008 0.042969 0.033203
6 0.428223 0.713379 0.018555 0.022461
0 0.813477 0.645020 0.044922 0.051758
0 0.863281 0.766602 0.035156 0.037109
0 0.696777 0.806152 0.034180 0.036133
0 0.693359 0.944824 0.039062 0.038086
6 0.406250 0.862793 0.023438 0.026367
0 0.100098 0.894531 0.032227 0.035156
