5 0.761719 0.252930 0.070312 0.054688
5 0.364746 0.105469 0.049805 0.050781
0 0.292969 0.557617 0.029297 0.039062
0 0.711914 0.600098 0.039062 0.045898
0 0.441895 0.806152 0.030273 0.040039
0 0.645508 0.876465 0.046875 0.045898
6 0.149414 0.223145 0.023438 0.024414
6 0.476562 0.313477 0.021484 0.019531
6 0.400879 0.396973 0.022461 0.028320
6 0.514160 0.674805 0.026367 0.029297
6 0.314941 0.835938 0.026367 0.027344
6 0.489746 0.901855 0.016602 0.022461
6 0.187012 0.660645 0.018555 0.024414
3 0.071289 0.374023 0.046875 0.042969
4 0.743652 0.393555 0.047852 0.041016
