2 0.053711 0.089355 0.054688 0.032227
1 0.543457 0.202637 0.040039 0.024414
6 0.935059 0.266602 0.014648 0.021484
5 0.772461 0.481445 0.054688 0.046875
0 0.574219 0.519043 0.029297 0.030273
6 0.526367 0.446289 0.013672 0.017578
6 0.371582 0.515137 0.012695 0.022461
6 0.219238 0.472168 0.016602 0.018555
6 0.141113 0.421387 0.016602 0.022461
6 0.538574 0.669434 0.014648 0.016602
6 0.633789 0.663086 0.013672 0.025391
6 0.830078 0.674805 0.013672 0.023438
6 0.733887 0.869629 0.016602 0.024414
0 0.434082 0.763672 0.028320 0.037109
0 0.038086 0.849121 0.033203 0.041992
