6 0.848145 0.193359 0.016602 0.019531
6 0.610352 0.181152 0.013672 0.022461
6 0.531250 0.429199 0.021484 0.022461
6 0.803711 0.702637 0.025391 0.024414
6 0.696289 0.685059 0.019531 0.018555
6 0.457031 0.633301 0.031250 0.028320
6 0.264160 0.649902 0.020508 0.020508
6 0.224121 0.847168 0.022461 0.032227
6 0.155762 0.357422 0.026367 0.023438
0 0.235352 0.278809 0.041016 0.038086
0 0.177734 0.139160 0.041016 0.041992
0 0.430664 0.250000 0.031250 0.042969
0 0.792969 0.507812 0.041016 0.046875
0 0.340332 0.519043 0.032227 0.038086
0 0.775879 0.869141 0.041992 0.031250
