6 0.809082 0.184570 0.012695 0.027344
6 0.207031 0.118164 0.019531 0.023438
6 0.224609 0.569824 0.013672 0.020508
6 0.070312 0.851562 0.017578 0.027344
6 0.843262 0.945312 0.016602 0.033203
0 0.261719 0.163086 0.039062 0.035156
0 0.380859 0.435059 0.041016 0.040039
0 0.047852 0.382324 0.041016 0.040039
0 0.327637 0.611816 0.053711 0.036133
0 0.073242 0.719727 0.044922 0.041016
0 0.646484 0.756348 0.031250 0.040039
0 0.367676 0.964355 0.045898 0.040039
2 0.765625 0.386719 0.037109 0.029297
4 0.500000 0.094238 0.037109 0.041992
4 0.772949 0.599609 0.051758 0.048828
