6 0.537598 0.065918 0.030273 0.022461
6 0.844238 0.432129 0.016602 0.020508
6 0.629883 0.604492 0.021484 0.023438
6 0.337891 0.825684 0.021484 0.024414
6 0.952637 0.847168 0.014648 0.024414
5 0.716309 0.082031 0.047852 0.039062
0 0.825684 0.178223 0.043945 0.040039
7 0.575684 0.290039 0.051758 0.050781
0 0.152344 0.190430 0.033203 0.037109
7 0.258789 0.396973 0.041016 0.059570
0 0.615723 0.524902 0.047852 0.051758
0 0.824219 0.552246 0.031250 0.032227
0 0.770508 0.702148 0.033203 0.031250
0 0.572754 0.717773 0.026367 0.031250
0 0.605469 0.854492 0.035156 0.031250
