0 0.254395 0.262695 0.040039 0.035156
0 0.641602 0.226562 0.033203 0.041016
0 0.791504 0.376953 0.032227 0.050781
0 0.028320 0.385254 0.029297 0.030273
0 0.128418 0.701172 0.034180 0.037109
0 0.107910 0.879395 0.034180 0.034180
0 0.477539 0.916992 0.039062 0.048828
0 0.839844 0.779785 0.039062 0.034180
0 0.688477 0.596191 0.033203 0.036133
6 0.918945 0.536621 0.017578 0.022461
6 0.766602 0.504883 0.017578 0.027344
6 0.531738 0.545410 0.020508 0.028320
6 0.461426 0.386719 0.020508 0.031250
6 0.426270 0.612305 0.018555 0.021484
6 0.417969 0.931641 0.025391 0.023438
