6 0.403809 0.033691 0.026367 0.030273
6 0.511719 0.148438 0.019531 0.023438
6 0.419922 0.291016 0.019531 0.021484
6 0.697754 0.728516 0.012695 0.025391
6 0.950195 0.809082 0.013672 0.030273
6 0.678223 0.871582 0.022461 0.026367
6 0.115723 0.966797 0.016602 0.023438
6 0.242676 0.688477 0.016602 0.029297
4 0.617188 0.172363 0.052734 0.045898
0 0.337891 0.466309 0.039062 0.036133
0 0.073730 0.496582 0.041992 0.036133
0 0.592285 0.573730 0.040039 0.034180
3 0.833008 0.480469 0.041016 0.042969
3 0.184082 0.893555 0.040039 0.041016
0 0.358398 0.715332 0.041016 0.040039
