6 0.625488 0.220215 0.020508 0.026367
0 0.796387 0.191406 0.038086 0.046875
0 0.050781 0.107910 0.042969 0.036133
0 0.165527 0.380371 0.041992 0.036133
0 0.401367 0.331055 0.044922 0.052734
6 0.159668 0.259766 0.020508 0.033203
6 0.842773 0.460938 0.021484 0.027344
6 0.341309 0.469238 0.028320 0.022461
6 0.568359 0.519531 0.021484 0.029297
6 0.521973 0.673340 0.012695 0.022461
6 0.662598 0.871582 0.016602 0.024414
1 0.812012 0.873535 0.040039 0.038086
1 0.702148 0.719238 0.031250 0.061523
4 0.270020 0.872559 0.038086 0.038086
3 0.358398 0.065430 0.037109 0.037109
