0 0.227051 0.176270 0.032227 0.032227
0 0.532715 0.200195 0.034180 0.033203
0 0.798828 0.109863 0.039062 0.032227
0 0.229492 0.308594 0.027344 0.035156
0 0.392578 0.350098 0.027344 0.040039
0 0.703125 0.511719 0.041016 0.044922
0 0.438477 0.613770 0.056641 0.047852
0 0.527344 0.687012 0.041016 0.049805
0 0.270020 0.926758 0.036133 0.039062
0 0.584961 0.912109 0.027344 0.033203
2 0.142578 0.550293 0.066406 0.038086
6 0.920898 0.261719 0.025391 0.039062
6 0.969238 0.343262 0.022461 0.026367
6 0.861816 0.628906 0.018555 0.021484
6 0.876465 0.937500 0.008789 0.021484
