0 0.535645 0.160156 0.045898 0.044922
0 0.813965 0.151855 0.034180 0.036133
0 0.025391 0.281250 0.035156 0.041016
0 0.107910 0.440430 0.032227 0.033203
0 0.044922 0.634766 0.037109 0.039062
0 0.257324 0.713867 0.040039 0.044922
0 0.565430 0.634766 0.039062 0.035156
0 0.842285 0.524414 0.041992 0.035156
0 0.839844 0.740723 0.025391 0.038086
0 0.818359 0.838379 0.027344 0.028320
0 0.497070 0.798828 0.023438 0.039062
3 0.132812 0.159668 0.044922 0.049805
5 0.276367 0.505371 0.046875 0.041992
6 0.306152 0.869629 0.014648 0.028320
5 0.691895 0.434570 0.047852 0.046875
