6 0.522949 0.173828 0.022461 0.017578
6 0.945312 0.283203 0.015625 0.019531
6 0.398438 0.184570 0.011719 0.013672
6 0.316406 0.059082 0.017578 0.018555
6 0.201660 0.229492 0.022461 0.021484
6 0.272461 0.434082 0.021484 0.038086
6 0.110352 0.666504 0.021484 0.018555
6 0.612305 0.906250 0.015625 0.019531
0 0.572754 0.247070 0.022461 0.033203
0 0.732422 0.384277 0.039062 0.040039
0 0.378418 0.557129 0.043945 0.043945
0 0.222168 0.783691 0.030273 0.028320
0 0.198730 0.954102 0.041992 0.033203
5 0.664062 0.777344 0.044922 0.046875
0 0.391113 0.110352 0.034180 0.031250
