0 0.486328 0.072754 0.041016 0.038086
0 0.865234 0.103516 0.037109 0.037109
0 0.112305 0.329102 0.023438 0.039062
0 0.448730 0.419434 0.041992 0.045898
0 0.817383 0.604492 0.035156 0.037109
0 0.828125 0.803223 0.035156 0.038086
0 0.160645 0.694824 0.034180 0.038086
0 0.799316 0.976074 0.038086 0.032227
2 0.392578 0.555664 0.058594 0.033203
4 0.354492 0.877441 0.037109 0.036133
1 0.583496 0.688477 0.059570 0.029297
6 0.583496 0.196777 0.030273 0.022461
6 0.702148 0.180176 0.017578 0.018555
6 0.166016 0.074219 0.011719 0.021484
6 0.902832 0.206543 0.016602 0.022461
