0 0.463379 0.194824 0.032227 0.032227
0 0.085938 0.196777 0.029297 0.038086
0 0.374512 0.708496 0.038086 0.053711
0 0.162598 0.931152 0.041992 0.038086
7 0.757812 0.187988 0.035156 0.059570
3 0.065430 0.679688 0.041016 0.041016
2 0.084473 0.806641 0.043945 0.033203
6 0.463867 0.755859 0.019531 0.021484
6 0.461426 0.857422 0.024414 0.031250
6 0.603027 0.891602 0.024414 0.025391
6 0.714844 0.381836 0.025391 0.017578
6 0.931152 0.335938 0.018555 0.035156
6 0.155762 0.392578 0.016602 0.029297
5 0.768066 0.887207 0.047852 0.053711
6 0.353516 0.496094 0.025391 0.027344
