2 0.716797 0.095215 0.066406 0.038086
0 0.627930 0.320312 0.042969 0.048828
0 0.389160 0.409180 0.032227 0.039062
0 0.098633 0.428223 0.037109 0.041992
0 0.318848 0.495605 0.028320 0.041992
0 0.742188 0.566895 0.039062 0.040039
0 0.299805 0.862793 0.039062 0.040039
4 0.393066 0.119141 0.043945 0.044922
6 0.549316 0.810059 0.018555 0.024414
2 0.690918 0.853027 0.040039 0.049805
6 0.961426 0.149902 0.022461 0.024414
6 0.756348 0.400391 0.016602 0.021484
6 0.281738 0.342773 0.016602 0.029297
2 0.471680 0.555664 0.042969 0.027344
2 0.096191 0.604004 0.045898 0.040039
