1 0.791016 0.164551 0.021484 0.036133
1 0.371582 0.196777 0.036133 0.045898
6 0.350098 0.301270 0.014648 0.020508
0 0.604980 0.388672 0.036133 0.044922
6 0.563477 0.496094 0.013672 0.019531
3 0.312500 0.568359 0.041016 0.044922
6 0.152344 0.426758 0.021484 0.023438
6 0.641602 0.568848 0.013672 0.018555
0 0.617188 0.640137 0.021484 0.028320
0 0.764648 0.782227 0.031250 0.037109
6 0.983887 0.835449 0.014648 0.020508
0 0.696289 0.955566 0.037109 0.038086
2 0.385742 0.798340 0.070312 0.043945
6 0.183594 0.695801 0.017578 0.020508
6 0.183594 0.892090 0.021484 0.024414
