6 0.551758 0.038086 0.013672 0.019531
6 0.546875 0.113770 0.017578 0.026367
6 0.227051 0.107910 0.038086 0.028320
6 0.430664 0.379883 0.021484 0.031250
6 0.857910 0.402344 0.020508 0.033203
6 0.945312 0.204102 0.015625 0.023438
6 0.733887 0.654785 0.012695 0.024414
6 0.914551 0.725586 0.018555 0.025391
0 0.345215 0.298828 0.034180 0.037109
0 0.032227 0.336426 0.035156 0.030273
4 0.259277 0.859375 0.032227 0.041016
0 0.480957 0.788574 0.032227 0.032227
1 0.528809 0.489746 0.041992 0.036133
0 0.517578 0.319824 0.029297 0.032227
0 0.733887 0.090820 0.034180 0.035156
