5 0.572754 0.115723 0.041992 0.038086
0 0.750488 0.460449 0.041992 0.043945
0 0.546387 0.469727 0.043945 0.039062
0 0.316406 0.586426 0.041016 0.040039
0 0.194824 0.421875 0.026367 0.042969
0 0.483887 0.728027 0.036133 0.028320
0 0.331543 0.854980 0.041992 0.038086
6 0.964355 0.381836 0.014648 0.023438
6 0.947266 0.822754 0.019531 0.022461
6 0.829590 0.868652 0.020508 0.022461
6 0.600098 0.823242 0.018555 0.019531
6 0.482422 0.271973 0.027344 0.034180
6 0.144043 0.163086 0.016602 0.023438
0 0.344238 0.065430 0.034180 0.042969
2 0.071289 0.541016 0.048828 0.031250
