2 0.715820 0.060547 0.048828 0.033203
1 0.701172 0.251953 0.029297 0.050781
6 0.861816 0.514648 0.016602 0.021484
6 0.597168 0.479980 0.024414 0.024414
6 0.271484 0.650391 0.019531 0.017578
6 0.183105 0.852539 0.014648 0.025391
6 0.364746 0.940918 0.020508 0.030273
6 0.279785 0.187500 0.016602 0.025391
0 0.824707 0.672852 0.034180 0.033203
0 0.499023 0.795898 0.033203 0.050781
0 0.039551 0.662109 0.036133 0.041016
0 0.296875 0.854004 0.033203 0.034180
0 0.328125 0.659668 0.031250 0.036133
0 0.322754 0.293945 0.043945 0.042969
1 0.354980 0.148926 0.034180 0.032227
