7 0.629883 0.041992 0.041016 0.046875
0 0.459961 0.126953 0.029297 0.037109
0 0.826660 0.231934 0.026367 0.030273
0 0.609375 0.594727 0.029297 0.054688
0 0.029785 0.500977 0.036133 0.039062
0 0.222168 0.721191 0.040039 0.041992
6 0.971191 0.270996 0.020508 0.018555
6 0.975098 0.473145 0.020508 0.030273
6 0.886719 0.748535 0.019531 0.040039
6 0.415527 0.941895 0.022461 0.028320
2 0.250000 0.429199 0.054688 0.028320
1 0.259277 0.549316 0.038086 0.047852
3 0.565430 0.908691 0.052734 0.049805
3 0.204590 0.229004 0.043945 0.047852
4 0.470703 0.391113 0.035156 0.032227
