0 0.774414 0.174316 0.042969 0.038086
0 0.402832 0.239258 0.028320 0.033203
0 0.089355 0.119629 0.051758 0.036133
0 0.069824 0.964844 0.032227 0.035156
6 0.465332 0.019531 0.016602 0.019531
6 0.529297 0.145508 0.017578 0.019531
6 0.805664 0.447266 0.019531 0.017578
6 0.940918 0.825684 0.020508 0.026367
1 0.286133 0.537598 0.015625 0.040039
1 0.484863 0.668457 0.028320 0.051758
6 0.287109 0.729004 0.023438 0.020508
6 0.123535 0.479980 0.012695 0.018555
3 0.559570 0.309082 0.031250 0.036133
0 0.854980 0.333008 0.034180 0.039062
2 0.627930 0.822754 0.058594 0.038086
