7 0.256836 0.058594 0.052734 0.048828
6 0.363770 0.174805 0.016602 0.017578
6 0.703125 0.131348 0.019531 0.018555
6 0.525391 0.226074 0.011719 0.022461
6 0.420410 0.336426 0.024414 0.022461
6 0.393066 0.502441 0.006836 0.030273
0 0.507324 0.337402 0.038086 0.041992
0 0.536621 0.462891 0.043945 0.048828
2 0.062012 0.208008 0.043945 0.037109
4 0.149902 0.426758 0.055664 0.050781
6 0.221680 0.642090 0.011719 0.030273
6 0.363281 0.926270 0.027344 0.040039
6 0.724121 0.929199 0.026367 0.032227
2 0.788086 0.356445 0.044922 0.031250
2 0.747070 0.574707 0.060547 0.038086
