6 0.807129 0.153809 0.014648 0.018555
6 0.688965 0.392578 0.034180 0.035156
6 0.977539 0.450195 0.015625 0.025391
6 0.301758 0.551758 0.019531 0.017578
6 0.117676 0.040527 0.028320 0.024414
0 0.687500 0.622559 0.033203 0.045898
0 0.087891 0.735840 0.029297 0.041992
0 0.081055 0.837891 0.039062 0.048828
0 0.066895 0.223145 0.024414 0.036133
0 0.495117 0.120605 0.025391 0.034180
0 0.865234 0.976562 0.046875 0.035156
0 0.362793 0.552734 0.028320 0.033203
0 0.210938 0.433105 0.039062 0.051758
1 0.234375 0.286133 0.029297 0.037109
3 0.318848 0.896973 0.045898 0.043945
