4 0.560059 0.059570 0.041992 0.042969
0 0.363281 0.276367 0.029297 0.039062
0 0.480957 0.420898 0.041992 0.042969
0 0.585938 0.643555 0.031250 0.029297
0 0.797363 0.710938 0.038086 0.039062
6 0.377930 0.126953 0.025391 0.021484
6 0.807129 0.208984 0.014648 0.027344
6 0.802246 0.459473 0.018555 0.026367
6 0.610352 0.759766 0.025391 0.021484
6 0.823730 0.847656 0.024414 0.023438
6 0.580078 0.919434 0.031250 0.036133
6 0.207031 0.842773 0.019531 0.019531
6 0.152832 0.640137 0.014648 0.022461
6 0.141113 0.748535 0.022461 0.032227
2 0.265137 0.725586 0.045898 0.060547
