6 0.521973 0.177246 0.022461 0.020508
6 0.824707 0.154297 0.020508 0.017578
6 0.433105 0.666016 0.024414 0.031250
6 0.876465 0.706055 0.018555 0.017578
0 0.114258 0.280762 0.042969 0.040039
0 0.078125 0.727539 0.035156 0.031250
0 0.167480 0.832031 0.038086 0.027344
0 0.143555 0.968262 0.033203 0.036133
0 0.356934 0.425293 0.038086 0.036133
0 0.568848 0.368164 0.045898 0.031250
0 0.771484 0.265625 0.039062 0.042969
0 0.149414 0.089844 0.023438 0.031250
7 0.719727 0.501465 0.068359 0.036133
4 0.668457 0.819824 0.045898 0.038086
2 0.120117 0.459961 0.058594 0.033203
