0 0.659668 0.095215 0.030273 0.030273
0 0.392578 0.123535 0.033203 0.034180
0 0.355957 0.206543 0.038086 0.032227
0 0.495605 0.381348 0.026367 0.041992
0 0.591797 0.515137 0.037109 0.032227
0 0.124023 0.611328 0.054688 0.042969
0 0.375000 0.750000 0.050781 0.039062
0 0.292480 0.903809 0.055664 0.040039
0 0.787109 0.922363 0.041016 0.032227
6 0.669922 0.723145 0.021484 0.024414
6 0.902344 0.700195 0.017578 0.017578
6 0.967773 0.597656 0.009766 0.021484
6 0.293945 0.088867 0.019531 0.025391
5 0.793945 0.269531 0.054688 0.048828
2 0.346191 0.466309 0.067383 0.043945
