2 0.650879 0.047852 0.067383 0.037109
6 0.323730 0.041504 0.024414 0.020508
6 0.905762 0.269531 0.020508 0.023438
6 0.754395 0.324219 0.018555 0.033203
6 0.771484 0.377930 0.015625 0.021484
6 0.279785 0.482910 0.022461 0.028320
6 0.228516 0.672363 0.025391 0.034180
6 0.144531 0.918945 0.023438 0.029297
6 0.745605 0.670898 0.012695 0.031250
0 0.342285 0.358887 0.038086 0.038086
0 0.417480 0.453125 0.030273 0.031250
0 0.283691 0.694824 0.028320 0.028320
0 0.455078 0.679688 0.031250 0.039062
0 0.299805 0.876465 0.035156 0.036133
5 0.702637 0.878418 0.049805 0.045898
