6 0.149902 0.171875 0.016602 0.023438
6 0.321777 0.181152 0.026367 0.020508
6 0.708008 0.092285 0.025391 0.018555
6 0.842773 0.121582 0.015625 0.024414
6 0.811523 0.283691 0.013672 0.022461
6 0.411133 0.404785 0.013672 0.024414
6 0.651855 0.497070 0.024414 0.021484
6 0.321777 0.448730 0.018555 0.026367
6 0.453613 0.877930 0.018555 0.027344
6 0.642578 0.945801 0.021484 0.024414
7 0.499023 0.226074 0.056641 0.045898
0 0.887207 0.845215 0.036133 0.043945
0 0.078613 0.870117 0.038086 0.037109
2 0.291504 0.667969 0.059570 0.041016
4 0.534180 0.830078 0.046875 0.046875
