6 0.515137 0.019043 0.018555 0.022461
0 0.610840 0.118652 0.024414 0.024414
0 0.788086 0.193848 0.035156 0.034180
0 0.255859 0.270508 0.031250 0.039062
0 0.151367 0.414551 0.031250 0.038086
0 0.051758 0.559570 0.035156 0.029297
0 0.717773 0.492676 0.041016 0.043945
6 0.674805 0.347168 0.015625 0.024414
1 0.265137 0.648438 0.043945 0.021484
6 0.932617 0.717285 0.013672 0.024414
0 0.519531 0.972168 0.025391 0.032227
5 0.681152 0.939941 0.040039 0.043945
6 0.344727 0.955566 0.017578 0.016602
6 0.200195 0.916992 0.017578 0.029297
6 0.128418 0.730469 0.024414 0.029297
