6 0.544922 0.041992 0.021484 0.023438
6 0.742676 0.048828 0.020508 0.023438
6 0.250977 0.435547 0.011719 0.027344
6 0.605469 0.561035 0.029297 0.034180
6 0.528809 0.706055 0.014648 0.033203
6 0.209473 0.848145 0.020508 0.028320
0 0.854004 0.846680 0.028320 0.037109
0 0.173828 0.740723 0.039062 0.034180
0 0.852051 0.500488 0.032227 0.036133
3 0.406250 0.444336 0.033203 0.037109
4 0.410645 0.857910 0.034180 0.032227
4 0.156250 0.138672 0.046875 0.042969
1 0.634277 0.249023 0.030273 0.037109
1 0.788086 0.613281 0.048828 0.033203
7 0.063965 0.541504 0.055664 0.034180
