0 0.694336 0.079590 0.029297 0.030273
0 0.854980 0.072754 0.026367 0.028320
0 0.103027 0.140625 0.028320 0.029297
0 0.498535 0.431152 0.026367 0.034180
0 0.185547 0.696289 0.035156 0.046875
0 0.840332 0.776855 0.030273 0.032227
0 0.823730 0.898438 0.041992 0.042969
4 0.641113 0.671387 0.034180 0.040039
4 0.599121 0.853027 0.032227 0.036133
4 0.293945 0.310547 0.037109 0.044922
6 0.770508 0.323730 0.017578 0.020508
6 0.620605 0.461426 0.026367 0.024414
6 0.479004 0.853516 0.018555 0.015625
6 0.211914 0.595703 0.015625 0.027344
6 0.938965 0.273926 0.012695 0.022461
