0 0.131836 0.078613 0.050781 0.049805
0 0.465332 0.223145 0.038086 0.053711
0 0.133789 0.260254 0.044922 0.040039
0 0.387207 0.501953 0.030273 0.037109
0 0.818848 0.623047 0.040039 0.046875
0 0.833008 0.422852 0.039062 0.046875
0 0.461426 0.866211 0.030273 0.048828
6 0.421875 0.331543 0.013672 0.028320
6 0.297363 0.377930 0.032227 0.039062
6 0.776855 0.218262 0.008789 0.024414
6 0.689941 0.601074 0.016602 0.028320
6 0.797852 0.697754 0.011719 0.022461
6 0.832520 0.804199 0.012695 0.026367
6 0.460938 0.774902 0.011719 0.024414
2 0.576172 0.420410 0.042969 0.053711
