6 0.511230 0.081055 0.026367 0.029297
6 0.381348 0.268555 0.018555 0.029297
6 0.818359 0.214355 0.023438 0.028320
6 0.397949 0.700684 0.016602 0.018555
6 0.618652 0.667969 0.020508 0.025391
6 0.905273 0.663574 0.013672 0.022461
6 0.837891 0.885742 0.015625 0.025391
0 0.613770 0.774414 0.034180 0.033203
0 0.419922 0.806152 0.033203 0.038086
0 0.140137 0.800293 0.032227 0.030273
0 0.054688 0.439453 0.033203 0.037109
4 0.079590 0.070801 0.034180 0.038086
5 0.493164 0.407227 0.042969 0.048828
5 0.477051 0.504395 0.040039 0.043945
4 0.687012 0.084473 0.043945 0.043945
