6 0.883789 0.035645 0.021484 0.022461
6 0.822266 0.120605 0.019531 0.022461
6 0.521973 0.138672 0.018555 0.021484
6 0.902344 0.622559 0.013672 0.018555
6 0.812988 0.843750 0.010742 0.025391
6 0.186523 0.642090 0.015625 0.026367
0 0.342285 0.094238 0.034180 0.040039
0 0.051758 0.174805 0.033203 0.037109
0 0.166504 0.476074 0.036133 0.043945
3 0.443359 0.255371 0.037109 0.036133
2 0.443359 0.495117 0.044922 0.035156
7 0.430664 0.770508 0.037109 0.041016
4 0.121094 0.076660 0.042969 0.045898
0 0.621582 0.401367 0.030273 0.029297
0 0.752930 0.982910 0.025391 0.032227
