6 0.597656 0.086914 0.019531 0.037109
6 0.396484 0.102051 0.017578 0.022461
6 0.334473 0.167969 0.012695 0.017578
6 0.163086 0.184570 0.013672 0.021484
6 0.576660 0.249512 0.018555 0.026367
6 0.251465 0.738281 0.024414 0.025391
6 0.292480 0.915039 0.010742 0.027344
6 0.857910 0.823242 0.016602 0.033203
3 0.728516 0.432617 0.048828 0.044922
0 0.407715 0.901367 0.038086 0.039062
0 0.224609 0.431152 0.033203 0.036133
0 0.215332 0.253906 0.036133 0.041016
6 0.090820 0.580078 0.017578 0.019531
1 0.476562 0.608398 0.044922 0.048828
0 0.288574 0.522461 0.043945 0.037109
