6 0.838379 0.063477 0.018555 0.013672
6 0.974609 0.176758 0.009766 0.025391
6 0.691406 0.146484 0.025391 0.017578
6 0.705078 0.234375 0.019531 0.027344
6 0.214844 0.379883 0.015625 0.019531
6 0.288574 0.735352 0.024414 0.027344
6 0.639160 0.484863 0.012695 0.022461
6 0.905762 0.902344 0.018555 0.023438
0 0.791992 0.232910 0.029297 0.034180
0 0.061035 0.061523 0.036133 0.041016
3 0.384277 0.346680 0.047852 0.041016
0 0.047852 0.660645 0.027344 0.030273
2 0.413086 0.671875 0.050781 0.035156
2 0.579590 0.859863 0.041992 0.040039
1 0.100098 0.830566 0.049805 0.026367
