0 0.776367 0.055176 0.033203 0.030273
6 0.738281 0.073730 0.023438 0.026367
6 0.888672 0.110352 0.021484 0.023438
6 0.547363 0.262695 0.018555 0.029297
6 0.955078 0.498047 0.023438 0.025391
6 0.126465 0.803711 0.012695 0.023438
6 0.258301 0.837402 0.022461 0.030273
0 0.484863 0.330566 0.038086 0.047852
7 0.205566 0.209961 0.045898 0.056641
7 0.186035 0.347656 0.061523 0.042969
0 0.442383 0.524902 0.037109 0.036133
5 0.414551 0.600586 0.051758 0.046875
7 0.437012 0.854004 0.045898 0.045898
7 0.800293 0.823730 0.038086 0.045898
5 0.456543 0.059082 0.041992 0.045898
