6 0.686035 0.191406 0.014648 0.025391
6 0.934082 0.073730 0.022461 0.024414
6 0.098145 0.116211 0.028320 0.023438
6 0.199219 0.558105 0.027344 0.030273
6 0.591309 0.639648 0.016602 0.023438
6 0.893555 0.558594 0.033203 0.033203
0 0.585938 0.424316 0.044922 0.040039
0 0.437012 0.472168 0.022461 0.030273
0 0.833984 0.243652 0.037109 0.045898
0 0.804199 0.782227 0.043945 0.041016
0 0.270996 0.821289 0.032227 0.041016
0 0.183594 0.964844 0.039062 0.035156
4 0.483398 0.833984 0.037109 0.037109
1 0.202637 0.675293 0.028320 0.034180
2 0.432617 0.259277 0.044922 0.045898
