0 0.383301 0.088379 0.030273 0.030273
0 0.172852 0.330566 0.033203 0.032227
0 0.468750 0.195312 0.025391 0.035156
0 0.614746 0.444336 0.024414 0.031250
0 0.861328 0.426758 0.021484 0.041016
0 0.338379 0.884277 0.040039 0.034180
0 0.143555 0.768066 0.037109 0.038086
0 0.562500 0.890625 0.033203 0.048828
6 0.520996 0.445312 0.018555 0.021484
6 0.472656 0.599121 0.025391 0.020508
6 0.292480 0.654297 0.022461 0.023438
6 0.724121 0.660156 0.020508 0.023438
6 0.147461 0.949707 0.015625 0.020508
2 0.730469 0.553223 0.035156 0.036133
4 0.711426 0.186523 0.043945 0.044922
