6 0.459473 0.060059 0.028320 0.032227
6 0.363770 0.257324 0.026367 0.016602
6 0.211914 0.291992 0.017578 0.021484
6 0.122070 0.644043 0.021484 0.026367
6 0.811523 0.647461 0.015625 0.025391
6 0.687988 0.532715 0.014648 0.024414
6 0.898438 0.244141 0.009766 0.025391
0 0.812988 0.109863 0.043945 0.045898
0 0.546875 0.132324 0.033203 0.036133
0 0.513184 0.394043 0.036133 0.041992
0 0.306152 0.483887 0.051758 0.030273
0 0.110352 0.541016 0.042969 0.033203
0 0.278320 0.569336 0.021484 0.039062
4 0.277344 0.689941 0.025391 0.036133
5 0.665039 0.901367 0.042969 0.037109
