0 0.271484 0.102539 0.029297 0.033203
0 0.181152 0.225586 0.028320 0.033203
0 0.069336 0.516602 0.031250 0.041016
0 0.248047 0.464844 0.033203 0.033203
0 0.189941 0.839844 0.041992 0.029297
6 0.501953 0.654785 0.021484 0.026367
6 0.716797 0.401367 0.017578 0.023438
6 0.572266 0.460449 0.017578 0.024414
6 0.823730 0.934570 0.014648 0.025391
6 0.953125 0.781738 0.013672 0.022461
0 0.644043 0.805176 0.032227 0.038086
4 0.448730 0.299316 0.040039 0.030273
4 0.495605 0.940918 0.047852 0.032227
6 0.169922 0.933105 0.019531 0.028320
3 0.825684 0.491699 0.036133 0.034180
