6 0.235352 0.026855 0.019531 0.022461
6 0.126465 0.292969 0.018555 0.031250
6 0.785645 0.236328 0.014648 0.025391
6 0.666504 0.286133 0.024414 0.033203
6 0.876465 0.773926 0.020508 0.024414
6 0.450195 0.903320 0.019531 0.021484
0 0.292969 0.109375 0.031250 0.041016
0 0.375977 0.308594 0.054688 0.041016
0 0.510254 0.402832 0.043945 0.055664
0 0.160156 0.519531 0.031250 0.027344
0 0.776855 0.626953 0.030273 0.039062
0 0.052734 0.801270 0.033203 0.034180
1 0.743164 0.931641 0.027344 0.046875
2 0.776367 0.046875 0.046875 0.037109
3 0.404785 0.657227 0.038086 0.035156
