6 0.821777 0.142090 0.034180 0.028320
6 0.450684 0.129883 0.022461 0.025391
2 0.064941 0.112793 0.041992 0.034180
5 0.517578 0.333496 0.052734 0.040039
6 0.901855 0.266602 0.022461 0.027344
6 0.748535 0.449219 0.012695 0.021484
6 0.842285 0.605957 0.024414 0.022461
0 0.243652 0.455078 0.026367 0.033203
6 0.147461 0.576660 0.021484 0.018555
4 0.463379 0.604004 0.043945 0.047852
4 0.435547 0.803223 0.035156 0.030273
0 0.071777 0.840820 0.028320 0.039062
6 0.351562 0.903809 0.015625 0.026367
6 0.685059 0.958008 0.008789 0.023438
6 0.046875 0.977051 0.013672 0.030273
