0 0.678711 0.071777 0.029297 0.040039
0 0.369629 0.118652 0.034180 0.030273
0 0.150391 0.177246 0.037109 0.041992
0 0.397949 0.815430 0.038086 0.041016
6 0.470703 0.283203 0.023438 0.031250
6 0.949219 0.174316 0.015625 0.034180
6 0.545898 0.424316 0.013672 0.020508
3 0.116211 0.350098 0.037109 0.034180
3 0.704590 0.387695 0.036133 0.033203
6 0.249023 0.489746 0.011719 0.030273
0 0.078613 0.697266 0.034180 0.039062
3 0.427246 0.647949 0.041992 0.038086
7 0.769043 0.869141 0.036133 0.052734
5 0.767090 0.595703 0.055664 0.050781
6 0.639648 0.910645 0.017578 0.030273
