6 0.756836 0.115723 0.013672 0.030273
6 0.781250 0.231445 0.011719 0.050781
5 0.234375 0.152344 0.054688 0.048828
0 0.505859 0.252930 0.039062 0.052734
0 0.580078 0.429688 0.056641 0.044922
6 0.541504 0.537109 0.016602 0.017578
6 0.900391 0.478516 0.025391 0.031250
6 0.221191 0.392578 0.016602 0.027344
1 0.248047 0.515137 0.050781 0.043945
5 0.528320 0.650879 0.041016 0.032227
0 0.814941 0.652344 0.026367 0.029297
0 0.788086 0.801270 0.041016 0.040039
6 0.146973 0.718750 0.020508 0.021484
6 0.651367 0.766602 0.011719 0.029297
6 0.178223 0.911133 0.032227 0.027344
