6 0.803223 0.025391 0.018555 0.023438
6 0.979980 0.106934 0.020508 0.034180
6 0.352539 0.241211 0.023438 0.027344
6 0.236816 0.420898 0.026367 0.033203
6 0.219238 0.495605 0.020508 0.024414
6 0.225098 0.668945 0.018555 0.025391
6 0.567383 0.880859 0.029297 0.023438
6 0.635254 0.549316 0.055664 0.040039
6 0.639160 0.801270 0.043945 0.041992
0 0.062012 0.079102 0.038086 0.042969
0 0.305176 0.493164 0.032227 0.041016
0 0.375977 0.589355 0.041016 0.040039
0 0.275879 0.837891 0.034180 0.035156
0 0.690430 0.409180 0.039062 0.031250
3 0.623047 0.168945 0.041016 0.041016
