6 0.428711 0.062012 0.025391 0.032227
6 0.413086 0.320801 0.025391 0.028320
6 0.575684 0.284180 0.024414 0.033203
6 0.160645 0.548340 0.041992 0.034180
6 0.597656 0.640137 0.031250 0.034180
6 0.912598 0.427246 0.028320 0.038086
6 0.692383 0.902344 0.037109 0.033203
0 0.195312 0.748047 0.046875 0.033203
0 0.265137 0.812012 0.030273 0.030273
0 0.374512 0.942383 0.041992 0.035156
0 0.532227 0.717285 0.033203 0.045898
0 0.763672 0.196289 0.033203 0.033203
0 0.852051 0.676758 0.034180 0.041016
4 0.641602 0.114258 0.039062 0.033203
0 0.500000 0.490234 0.035156 0.039062
