0 0.709961 0.083496 0.041016 0.047852
0 0.222656 0.068359 0.039062 0.042969
0 0.061523 0.287109 0.037109 0.044922
0 0.470215 0.237793 0.034180 0.034180
0 0.364258 0.388672 0.044922 0.044922
6 0.188477 0.560547 0.013672 0.023438
6 0.963867 0.480957 0.017578 0.026367
6 0.789551 0.481934 0.014648 0.020508
6 0.764160 0.271973 0.024414 0.030273
6 0.562500 0.855469 0.015625 0.023438
6 0.760742 0.841797 0.021484 0.023438
6 0.411621 0.884766 0.020508 0.023438
6 0.237793 0.758789 0.024414 0.035156
3 0.567871 0.745117 0.047852 0.041016
1 0.819824 0.699219 0.032227 0.041016
