6 0.399414 0.079590 0.023438 0.026367
0 0.060547 0.180664 0.039062 0.039062
0 0.739746 0.057129 0.028320 0.034180
0 0.297852 0.577148 0.023438 0.037109
0 0.307617 0.671387 0.041016 0.041992
0 0.857422 0.761230 0.041016 0.040039
0 0.672852 0.943359 0.035156 0.035156
6 0.379883 0.297363 0.021484 0.020508
6 0.405273 0.451172 0.023438 0.025391
6 0.585449 0.303711 0.018555 0.025391
6 0.775879 0.270996 0.020508 0.026367
6 0.811035 0.177246 0.028320 0.028320
6 0.695312 0.469238 0.015625 0.020508
4 0.068848 0.573242 0.041992 0.041016
4 0.700195 0.568359 0.044922 0.041016
