7 0.403320 0.270020 0.048828 0.041992
6 0.148438 0.272949 0.015625 0.028320
6 0.305176 0.361816 0.016602 0.030273
6 0.110352 0.767090 0.015625 0.022461
6 0.715332 0.888184 0.024414 0.032227
6 0.905762 0.887207 0.016602 0.026367
0 0.574219 0.727051 0.041016 0.040039
0 0.363281 0.718262 0.035156 0.038086
0 0.790039 0.776367 0.041016 0.037109
0 0.823730 0.312500 0.032227 0.033203
7 0.692871 0.041992 0.055664 0.039062
7 0.412598 0.385254 0.083008 0.043945
0 0.180176 0.707520 0.030273 0.034180
0 0.373535 0.904785 0.040039 0.043945
2 0.599121 0.617188 0.047852 0.035156
