0 0.425293 0.069824 0.032227 0.040039
0 0.453613 0.349609 0.041992 0.044922
0 0.482422 0.489746 0.039062 0.036133
0 0.271973 0.803223 0.040039 0.047852
0 0.526367 0.937012 0.035156 0.041992
6 0.807129 0.734863 0.026367 0.030273
6 0.916992 0.461914 0.015625 0.021484
6 0.827637 0.579102 0.014648 0.029297
6 0.815430 0.889160 0.017578 0.028320
6 0.313477 0.951660 0.021484 0.024414
6 0.354492 0.288086 0.015625 0.027344
6 0.086914 0.213379 0.017578 0.026367
4 0.220703 0.520996 0.044922 0.041992
0 0.792480 0.311035 0.045898 0.045898
7 0.710449 0.182617 0.034180 0.044922
