3 0.722168 0.155762 0.045898 0.057617
3 0.369629 0.702637 0.041992 0.041992
6 0.699219 0.311035 0.013672 0.020508
6 0.547363 0.112793 0.014648 0.020508
6 0.383789 0.209473 0.017578 0.028320
6 0.520020 0.347168 0.014648 0.028320
6 0.495605 0.521484 0.012695 0.021484
0 0.082520 0.581055 0.040039 0.041016
0 0.057617 0.899902 0.037109 0.045898
0 0.413574 0.955078 0.022461 0.031250
7 0.738281 0.644043 0.042969 0.055664
6 0.956543 0.732910 0.014648 0.026367
6 0.435547 0.849121 0.013672 0.020508
5 0.218262 0.049805 0.047852 0.048828
1 0.130859 0.241211 0.035156 0.048828
