0 0.692383 0.083496 0.041016 0.036133
0 0.566895 0.213867 0.030273 0.027344
0 0.091797 0.116699 0.031250 0.032227
0 0.060547 0.359375 0.044922 0.048828
0 0.197754 0.630859 0.030273 0.035156
0 0.675781 0.577637 0.033203 0.030273
6 0.578613 0.422363 0.016602 0.028320
6 0.887695 0.333496 0.021484 0.026367
6 0.931152 0.176758 0.012695 0.021484
6 0.368164 0.114258 0.015625 0.027344
6 0.486816 0.274902 0.020508 0.026367
6 0.477539 0.625488 0.017578 0.024414
6 0.543457 0.794922 0.016602 0.031250
6 0.766602 0.769531 0.017578 0.023438
