0 0.174316 0.055664 0.045898 0.052734
2 0.268555 0.277344 0.046875 0.044922
3 0.524902 0.185547 0.059570 0.046875
6 0.973633 0.104492 0.011719 0.019531
6 0.869141 0.249023 0.017578 0.025391
0 0.379883 0.427246 0.031250 0.038086
0 0.026855 0.522461 0.036133 0.037109
0 0.086914 0.675781 0.037109 0.035156
0 0.117676 0.871582 0.030273 0.034180
0 0.510254 0.698730 0.041992 0.053711
0 0.364258 0.942871 0.035156 0.036133
6 0.916992 0.793457 0.017578 0.022461
0 0.900879 0.965332 0.026367 0.032227
1 0.754883 0.547852 0.042969 0.052734
6 0.114746 0.463379 0.024414 0.026367
