6 0.964844 0.037109 0.027344 0.019531
6 0.924316 0.154297 0.022461 0.029297
6 0.377441 0.073242 0.016602 0.027344
6 0.393066 0.240723 0.016602 0.028320
6 0.316895 0.881836 0.020508 0.029297
0 0.814453 0.875488 0.031250 0.032227
0 0.062500 0.513184 0.037109 0.030273
0 0.436035 0.466797 0.038086 0.039062
0 0.135742 0.111328 0.031250 0.031250
7 0.077148 0.223633 0.039062 0.054688
3 0.804688 0.426270 0.042969 0.051758
3 0.500000 0.612305 0.035156 0.039062
2 0.711914 0.229980 0.064453 0.045898
5 0.104004 0.641113 0.063477 0.051758
0 0.412109 0.876953 0.033203 0.035156
