6 0.597168 0.036621 0.018555 0.020508
6 0.759277 0.153809 0.020508 0.028320
7 0.834961 0.219727 0.041016 0.054688
0 0.841797 0.453125 0.035156 0.023438
1 0.576660 0.600098 0.028320 0.038086
6 0.316895 0.290039 0.014648 0.021484
6 0.457520 0.375488 0.018555 0.022461
7 0.066895 0.265137 0.041992 0.034180
6 0.230957 0.556641 0.014648 0.021484
0 0.235840 0.704590 0.038086 0.045898
6 0.203613 0.884766 0.016602 0.023438
0 0.358887 0.871094 0.049805 0.042969
0 0.351562 0.970215 0.033203 0.032227
0 0.651855 0.798340 0.032227 0.038086
0 0.803711 0.701172 0.035156 0.037109
