4 0.626465 0.129395 0.051758 0.045898
4 0.117676 0.624512 0.045898 0.045898
0 0.448242 0.194824 0.027344 0.038086
0 0.826660 0.340332 0.036133 0.036133
0 0.740723 0.908691 0.028320 0.028320
0 0.294922 0.498535 0.033203 0.036133
0 0.270020 0.249023 0.038086 0.041016
2 0.653809 0.647949 0.034180 0.030273
5 0.506836 0.822754 0.050781 0.045898
6 0.404785 0.697266 0.018555 0.019531
6 0.166016 0.496094 0.033203 0.031250
6 0.186035 0.371582 0.018555 0.024414
6 0.345215 0.036133 0.018555 0.021484
6 0.822266 0.207520 0.017578 0.024414
7 0.522461 0.377930 0.039062 0.039062
