5 0.401367 0.056152 0.044922 0.053711
3 0.632324 0.204590 0.047852 0.051758
6 0.617676 0.303223 0.018555 0.024414
0 0.037109 0.362305 0.042969 0.033203
6 0.446289 0.393555 0.015625 0.019531
6 0.852051 0.368652 0.030273 0.024414
6 0.654297 0.481934 0.019531 0.018555
0 0.764160 0.522461 0.032227 0.039062
6 0.295898 0.634277 0.013672 0.016602
0 0.577148 0.632324 0.046875 0.043945
6 0.821777 0.648438 0.018555 0.025391
0 0.285645 0.756836 0.028320 0.039062
7 0.045898 0.809082 0.050781 0.047852
6 0.341797 0.899902 0.021484 0.028320
6 0.490723 0.926270 0.014648 0.022461
