6 0.969727 0.033203 0.011719 0.019531
6 0.827637 0.151855 0.018555 0.020508
6 0.611328 0.220215 0.023438 0.038086
6 0.333008 0.711914 0.013672 0.015625
6 0.412598 0.451660 0.018555 0.022461
6 0.342285 0.039062 0.014648 0.015625
6 0.166016 0.022949 0.023438 0.024414
6 0.126953 0.831543 0.021484 0.020508
6 0.932129 0.909180 0.026367 0.027344
7 0.411133 0.101562 0.044922 0.041016
0 0.186035 0.966309 0.040039 0.036133
3 0.067871 0.391113 0.040039 0.040039
3 0.636719 0.574707 0.039062 0.038086
7 0.440430 0.862305 0.029297 0.044922
0 0.708008 0.432129 0.031250 0.028320
