6 0.149902 0.114258 0.020508 0.021484
6 0.377930 0.146484 0.019531 0.021484
6 0.333008 0.346191 0.019531 0.018555
6 0.621094 0.534180 0.009766 0.015625
6 0.584961 0.596680 0.015625 0.019531
6 0.857910 0.714355 0.014648 0.024414
6 0.358398 0.807129 0.017578 0.020508
6 0.579590 0.926758 0.016602 0.021484
0 0.449707 0.450684 0.041992 0.034180
0 0.038574 0.333008 0.034180 0.039062
0 0.705566 0.935547 0.030273 0.039062
7 0.520996 0.129395 0.067383 0.043945
1 0.684082 0.398438 0.028320 0.058594
4 0.503418 0.773438 0.036133 0.033203
3 0.225098 0.655762 0.032227 0.043945
