4 0.064453 0.245605 0.054688 0.045898
0 0.631836 0.036133 0.029297 0.033203
0 0.601562 0.252930 0.031250 0.029297
0 0.647949 0.416992 0.040039 0.037109
0 0.442383 0.390137 0.033203 0.040039
0 0.404785 0.580566 0.030273 0.030273
0 0.684570 0.564941 0.037109 0.041992
0 0.722168 0.800293 0.036133 0.045898
0 0.360352 0.868652 0.025391 0.040039
0 0.053223 0.738770 0.028320 0.028320
5 0.261719 0.262207 0.044922 0.043945
6 0.922363 0.300781 0.012695 0.029297
6 0.967285 0.685547 0.014648 0.021484
6 0.854004 0.708008 0.018555 0.025391
5 0.323242 0.683594 0.050781 0.054688
