0 0.442871 0.104004 0.024414 0.034180
0 0.115234 0.113770 0.037109 0.047852
0 0.091309 0.263672 0.034180 0.033203
0 0.113770 0.411133 0.036133 0.041016
0 0.496582 0.414551 0.043945 0.038086
0 0.647461 0.641602 0.039062 0.042969
0 0.136230 0.514160 0.026367 0.038086
0 0.082520 0.646484 0.040039 0.035156
4 0.711426 0.219727 0.041992 0.041016
6 0.560547 0.466309 0.017578 0.032227
6 0.451172 0.408203 0.011719 0.021484
6 0.504883 0.634277 0.021484 0.022461
1 0.257812 0.766113 0.031250 0.049805
6 0.430176 0.914551 0.024414 0.024414
7 0.838867 0.499023 0.056641 0.050781
