3 0.135254 0.052734 0.041992 0.041016
6 0.942383 0.086426 0.015625 0.022461
6 0.911621 0.140625 0.026367 0.025391
0 0.798340 0.272461 0.045898 0.039062
0 0.658203 0.326172 0.031250 0.027344
2 0.268066 0.180664 0.047852 0.035156
7 0.099121 0.384766 0.067383 0.039062
5 0.636230 0.511230 0.043945 0.045898
6 0.419922 0.454590 0.015625 0.022461
6 0.541504 0.556641 0.022461 0.019531
6 0.583008 0.738281 0.017578 0.027344
0 0.119141 0.767090 0.050781 0.040039
6 0.119141 0.888672 0.011719 0.027344
0 0.288574 0.955078 0.043945 0.037109
1 0.502441 0.841797 0.049805 0.046875
