6 0.983398 0.150391 0.017578 0.019531
6 0.971191 0.204102 0.022461 0.025391
6 0.922852 0.800781 0.023438 0.025391
6 0.375000 0.792480 0.017578 0.016602
6 0.160156 0.746094 0.015625 0.017578
0 0.234863 0.497070 0.041992 0.041016
0 0.525391 0.897949 0.035156 0.049805
4 0.767578 0.583008 0.044922 0.044922
4 0.452637 0.493652 0.047852 0.045898
3 0.478027 0.263672 0.047852 0.042969
2 0.165039 0.576660 0.042969 0.032227
5 0.498535 0.758789 0.051758 0.046875
1 0.283203 0.042480 0.039062 0.030273
1 0.092773 0.191895 0.029297 0.041992
