0 0.125977 0.133789 0.025391 0.033203
0 0.811035 0.107910 0.024414 0.026367
0 0.328613 0.294434 0.041992 0.040039
0 0.510742 0.361328 0.025391 0.033203
0 0.254883 0.427246 0.037109 0.030273
0 0.814453 0.511719 0.037109 0.041016
0 0.718750 0.654785 0.039062 0.036133
0 0.206543 0.617188 0.041992 0.035156
3 0.411621 0.681641 0.051758 0.042969
4 0.716309 0.812500 0.030273 0.039062
0 0.778809 0.714844 0.034180 0.041016
1 0.101074 0.728516 0.047852 0.042969
6 0.137207 0.887695 0.010742 0.021484
0 0.136230 0.979980 0.036133 0.038086
7 0.364258 0.519531 0.062500 0.044922
