6 0.621582 0.109863 0.020508 0.026367
0 0.263184 0.066406 0.026367 0.041016
6 0.292480 0.182617 0.018555 0.021484
6 0.645996 0.398438 0.016602 0.019531
6 0.673340 0.739746 0.010742 0.026367
6 0.185059 0.939453 0.018555 0.023438
6 0.694824 0.906738 0.022461 0.024414
0 0.755371 0.938477 0.036133 0.042969
0 0.278809 0.920410 0.045898 0.032227
0 0.357910 0.723633 0.036133 0.046875
0 0.092285 0.530273 0.032227 0.037109
4 0.431152 0.293945 0.030273 0.033203
5 0.756348 0.312012 0.040039 0.047852
1 0.292969 0.565918 0.031250 0.047852
0 0.795410 0.621582 0.040039 0.040039
