6 0.317383 0.105469 0.027344 0.044922
6 0.123535 0.362793 0.020508 0.032227
6 0.645996 0.645996 0.020508 0.034180
6 0.838379 0.764160 0.022461 0.032227
6 0.520508 0.963379 0.019531 0.036133
6 0.966797 0.192871 0.025391 0.028320
0 0.869141 0.652344 0.035156 0.033203
0 0.133789 0.487793 0.035156 0.034180
0 0.634766 0.227539 0.035156 0.048828
3 0.696289 0.043457 0.039062 0.036133
7 0.559082 0.730957 0.063477 0.030273
0 0.101074 0.683105 0.028320 0.036133
0 0.759277 0.909668 0.026367 0.036133
3 0.335449 0.426270 0.034180 0.034180
5 0.677246 0.397949 0.040039 0.041992
