6 0.130859 0.273926 0.019531 0.026367
6 0.277832 0.187500 0.022461 0.023438
0 0.301758 0.083984 0.037109 0.039062
0 0.365234 0.183594 0.025391 0.025391
7 0.411133 0.240723 0.050781 0.047852
0 0.296387 0.399902 0.034180 0.038086
0 0.784180 0.321777 0.035156 0.032227
0 0.745117 0.418457 0.031250 0.028320
6 0.759277 0.525879 0.012695 0.022461
6 0.558105 0.656250 0.024414 0.023438
0 0.732910 0.680664 0.028320 0.041016
5 0.561523 0.788574 0.054688 0.049805
2 0.132812 0.872070 0.039062 0.031250
0 0.751465 0.914062 0.024414 0.025391
6 0.930664 0.833496 0.011719 0.018555
