0 0.150391 0.286621 0.037109 0.032227
0 0.364746 0.203613 0.026367 0.038086
0 0.741699 0.107910 0.030273 0.032227
6 0.617188 0.223633 0.021484 0.025391
0 0.706543 0.297363 0.036133 0.034180
6 0.978516 0.337402 0.019531 0.018555
3 0.704590 0.431641 0.038086 0.042969
6 0.569336 0.390137 0.025391 0.024414
3 0.118652 0.455078 0.043945 0.044922
6 0.125977 0.581055 0.023438 0.017578
0 0.342285 0.733398 0.057617 0.046875
0 0.707520 0.609863 0.038086 0.030273
0 0.263672 0.817871 0.029297 0.030273
6 0.961426 0.701172 0.024414 0.019531
0 0.587402 0.888672 0.049805 0.042969
