6 0.520996 0.099609 0.016602 0.021484
6 0.470703 0.171387 0.017578 0.022461
0 0.584961 0.236816 0.033203 0.030273
0 0.792969 0.278809 0.041016 0.040039
5 0.512695 0.357422 0.048828 0.041016
0 0.609375 0.448730 0.037109 0.038086
6 0.964355 0.425781 0.032227 0.021484
1 0.331543 0.480469 0.045898 0.031250
6 0.256836 0.500000 0.015625 0.015625
6 0.230469 0.660156 0.011719 0.021484
2 0.204590 0.829590 0.034180 0.040039
0 0.481445 0.714844 0.027344 0.035156
6 0.696289 0.759277 0.017578 0.018555
4 0.827637 0.736328 0.051758 0.042969
0 0.783691 0.888672 0.036133 0.035156
