6 0.541016 0.081055 0.021484 0.029297
6 0.903809 0.338867 0.024414 0.023438
6 0.354492 0.482910 0.023438 0.018555
6 0.174805 0.491211 0.019531 0.021484
6 0.168945 0.599609 0.019531 0.021484
6 0.287109 0.678711 0.017578 0.019531
6 0.479492 0.709473 0.015625 0.020508
6 0.589355 0.821289 0.012695 0.023438
6 0.879883 0.694824 0.013672 0.022461
6 0.474609 0.885254 0.017578 0.028320
0 0.613281 0.491211 0.048828 0.048828
0 0.434082 0.333496 0.032227 0.041992
3 0.750977 0.796387 0.039062 0.038086
7 0.122559 0.906738 0.040039 0.055664
3 0.699707 0.198730 0.040039 0.040039
