0 0.601074 0.078613 0.041992 0.036133
0 0.642090 0.246582 0.040039 0.051758
0 0.032227 0.125000 0.027344 0.041016
0 0.072266 0.317383 0.037109 0.039062
0 0.636719 0.475586 0.037109 0.039062
0 0.501953 0.602539 0.031250 0.037109
0 0.357422 0.709473 0.033203 0.034180
0 0.553711 0.742188 0.037109 0.037109
0 0.057617 0.730469 0.035156 0.027344
1 0.703613 0.617188 0.030273 0.050781
7 0.285645 0.850098 0.034180 0.034180
0 0.804199 0.806152 0.032227 0.040039
6 0.891602 0.923828 0.015625 0.023438
6 0.423340 0.109375 0.010742 0.025391
6 0.531250 0.196289 0.021484 0.031250
