6 0.733887 0.286621 0.028320 0.028320
6 0.292969 0.053223 0.021484 0.026367
6 0.216797 0.248535 0.015625 0.032227
6 0.167969 0.353027 0.029297 0.028320
6 0.195312 0.807617 0.019531 0.033203
6 0.963867 0.849121 0.019531 0.022461
0 0.461914 0.050293 0.025391 0.040039
0 0.333008 0.362793 0.048828 0.040039
0 0.232910 0.455078 0.051758 0.041016
0 0.224121 0.566406 0.036133 0.037109
0 0.364746 0.807129 0.047852 0.036133
0 0.623047 0.710449 0.029297 0.040039
7 0.590820 0.903809 0.054688 0.041992
0 0.649902 0.145996 0.038086 0.038086
3 0.606445 0.605469 0.054688 0.046875
