6 0.808594 0.104980 0.011719 0.018555
6 0.279785 0.082520 0.008789 0.024414
6 0.390137 0.613281 0.022461 0.027344
6 0.873047 0.667969 0.015625 0.029297
6 0.393555 0.931641 0.023438 0.035156
0 0.437500 0.174316 0.035156 0.040039
0 0.485352 0.227539 0.023438 0.033203
0 0.107910 0.250000 0.034180 0.033203
0 0.795410 0.259766 0.032227 0.039062
0 0.235840 0.361816 0.041992 0.032227
5 0.687988 0.526367 0.055664 0.048828
0 0.085938 0.572266 0.033203 0.029297
0 0.187012 0.825195 0.041992 0.046875
0 0.442383 0.677246 0.031250 0.038086
3 0.492676 0.796875 0.038086 0.039062
