0 0.043457 0.098633 0.038086 0.033203
0 0.696289 0.193359 0.029297 0.035156
0 0.850586 0.275391 0.029297 0.035156
0 0.088379 0.484863 0.030273 0.034180
0 0.404297 0.685547 0.041016 0.041016
6 0.887207 0.568359 0.022461 0.027344
6 0.721191 0.408203 0.016602 0.021484
6 0.221680 0.790527 0.017578 0.022461
6 0.528320 0.895020 0.013672 0.024414
6 0.249512 0.921875 0.014648 0.029297
6 0.097168 0.936523 0.020508 0.027344
4 0.582031 0.564941 0.031250 0.034180
6 0.952148 0.650391 0.019531 0.017578
6 0.911133 0.946289 0.023438 0.025391
4 0.193848 0.180176 0.043945 0.043945
