6 0.245605 0.163574 0.022461 0.028320
6 0.767578 0.239258 0.023438 0.029297
6 0.528809 0.423340 0.022461 0.026367
6 0.379395 0.475586 0.020508 0.025391
6 0.264648 0.528809 0.023438 0.030273
6 0.370605 0.862793 0.018555 0.028320
0 0.398438 0.139160 0.033203 0.036133
0 0.275391 0.273926 0.033203 0.032227
0 0.032715 0.702637 0.036133 0.032227
3 0.048828 0.839844 0.039062 0.041016
7 0.672363 0.373535 0.036133 0.043945
2 0.341797 0.716797 0.037109 0.044922
2 0.697754 0.798828 0.040039 0.035156
1 0.687012 0.605957 0.028320 0.041992
0 0.522461 0.807617 0.039062 0.039062
