6 0.895020 0.161133 0.014648 0.021484
0 0.787109 0.278320 0.033203 0.035156
0 0.372559 0.133301 0.040039 0.045898
0 0.187500 0.048340 0.029297 0.032227
0 0.331055 0.295410 0.033203 0.030273
0 0.399414 0.888184 0.031250 0.041992
0 0.855957 0.892578 0.036133 0.033203
6 0.722168 0.773438 0.010742 0.023438
6 0.191895 0.838379 0.022461 0.038086
6 0.250488 0.961426 0.014648 0.020508
4 0.488281 0.268555 0.031250 0.035156
1 0.660645 0.506836 0.038086 0.052734
5 0.343262 0.636719 0.051758 0.052734
3 0.082031 0.546387 0.037109 0.032227
0 0.565430 0.941895 0.033203 0.032227
