4 0.750488 0.165039 0.034180 0.039062
0 0.425293 0.177734 0.026367 0.041016
0 0.076660 0.244141 0.040039 0.041016
0 0.614746 0.301270 0.041992 0.040039
0 0.600586 0.584473 0.035156 0.034180
0 0.273438 0.439453 0.033203 0.037109
0 0.700684 0.683594 0.024414 0.027344
0 0.750977 0.820801 0.037109 0.034180
0 0.392578 0.820801 0.033203 0.036133
6 0.551758 0.737793 0.011719 0.034180
2 0.237793 0.567871 0.061523 0.038086
3 0.146484 0.822754 0.039062 0.047852
6 0.310059 0.964844 0.014648 0.025391
6 0.919922 0.419434 0.019531 0.026367
6 0.975586 0.629883 0.017578 0.037109
