0 0.326172 0.119629 0.029297 0.049805
0 0.694824 0.235840 0.032227 0.041992
0 0.601074 0.311035 0.041992 0.038086
0 0.144043 0.184570 0.043945 0.056641
0 0.019043 0.455078 0.032227 0.037109
0 0.836914 0.538086 0.033203 0.031250
0 0.597168 0.754883 0.040039 0.042969
0 0.187988 0.811523 0.038086 0.042969
6 0.918457 0.335938 0.024414 0.017578
6 0.470215 0.645020 0.016602 0.022461
6 0.685059 0.669922 0.022461 0.021484
2 0.212402 0.694824 0.036133 0.043945
0 0.835938 0.749023 0.029297 0.050781
3 0.588379 0.561523 0.034180 0.037109
1 0.440918 0.947754 0.032227 0.040039
