0 0.373047 0.088379 0.037109 0.041992
0 0.039062 0.309082 0.035156 0.036133
0 0.419434 0.316406 0.034180 0.037109
0 0.607422 0.208496 0.041016 0.038086
0 0.314453 0.533691 0.029297 0.041992
0 0.314453 0.627441 0.031250 0.041992
0 0.581543 0.913574 0.036133 0.041992
6 0.094238 0.385254 0.026367 0.030273
6 0.348145 0.417969 0.026367 0.029297
6 0.536621 0.431152 0.024414 0.030273
6 0.699707 0.462402 0.026367 0.018555
6 0.713867 0.642578 0.013672 0.021484
6 0.519531 0.965332 0.017578 0.024414
2 0.778809 0.379395 0.065430 0.038086
2 0.314941 0.890625 0.047852 0.044922
