3 0.244629 0.192383 0.045898 0.042969
2 0.537109 0.126953 0.042969 0.050781
0 0.115723 0.282227 0.034180 0.044922
0 0.800293 0.243164 0.028320 0.029297
0 0.804199 0.544434 0.043945 0.045898
0 0.862305 0.784668 0.042969 0.038086
0 0.380371 0.876953 0.032227 0.039062
1 0.570312 0.362305 0.025391 0.044922
6 0.489258 0.456055 0.021484 0.031250
6 0.171387 0.472656 0.026367 0.044922
6 0.518555 0.712891 0.019531 0.023438
6 0.325195 0.805176 0.025391 0.034180
4 0.626953 0.929688 0.039062 0.033203
3 0.051758 0.636230 0.037109 0.036133
7 0.470215 0.607422 0.026367 0.046875
