0 0.048828 0.266602 0.037109 0.042969
0 0.791992 0.139648 0.042969 0.039062
0 0.600586 0.341309 0.042969 0.051758
0 0.252930 0.595215 0.041016 0.040039
0 0.852051 0.866211 0.034180 0.050781
6 0.624023 0.618164 0.027344 0.023438
6 0.236816 0.716797 0.036133 0.025391
6 0.337891 0.876465 0.023438 0.024414
6 0.546875 0.870605 0.023438 0.038086
6 0.845703 0.728027 0.019531 0.032227
6 0.961426 0.302246 0.022461 0.026367
5 0.550781 0.171387 0.056641 0.053711
7 0.244141 0.432617 0.042969 0.048828
6 0.695801 0.458496 0.034180 0.043945
3 0.699707 0.607422 0.040039 0.031250
