0 0.070801 0.253418 0.041992 0.041992
0 0.366699 0.252441 0.045898 0.040039
0 0.729492 0.242188 0.037109 0.037109
0 0.682617 0.299316 0.033203 0.026367
0 0.732910 0.439941 0.026367 0.036133
0 0.888184 0.619141 0.026367 0.027344
0 0.368164 0.839844 0.035156 0.037109
0 0.331055 0.955078 0.027344 0.041016
0 0.717285 0.822754 0.047852 0.036133
0 0.719238 0.890625 0.028320 0.037109
6 0.756348 0.167480 0.030273 0.034180
6 0.650391 0.593262 0.033203 0.020508
4 0.054688 0.410156 0.041016 0.042969
5 0.060547 0.811523 0.068359 0.048828
7 0.332031 0.489746 0.087891 0.038086
