0 0.598145 0.086426 0.030273 0.040039
0 0.815918 0.268066 0.030273 0.036133
0 0.275391 0.170898 0.027344 0.033203
0 0.344238 0.466309 0.034180 0.040039
0 0.248535 0.806641 0.026367 0.033203
0 0.040039 0.657227 0.027344 0.039062
0 0.425781 0.761719 0.031250 0.044922
0 0.812500 0.735840 0.033203 0.040039
0 0.558594 0.876953 0.031250 0.041016
0 0.339355 0.950195 0.030273 0.037109
0 0.640625 0.480469 0.033203 0.042969
6 0.718262 0.678223 0.026367 0.038086
6 0.182129 0.527344 0.014648 0.027344
6 0.971680 0.327148 0.015625 0.029297
6 0.802246 0.364746 0.016602 0.024414
