6 0.084473 0.040039 0.016602 0.015625
6 0.465332 0.196777 0.018555 0.024414
6 0.527344 0.250977 0.021484 0.025391
6 0.143066 0.249512 0.018555 0.022461
6 0.410156 0.855469 0.017578 0.031250
0 0.675781 0.142578 0.042969 0.035156
0 0.801758 0.397949 0.033203 0.036133
0 0.152344 0.427734 0.039062 0.050781
0 0.090820 0.714844 0.033203 0.031250
0 0.765625 0.734863 0.035156 0.036133
0 0.714844 0.966797 0.041016 0.039062
4 0.507324 0.413574 0.036133 0.036133
4 0.598633 0.610840 0.037109 0.036133
7 0.540527 0.807129 0.034180 0.032227
7 0.174316 0.096191 0.053711 0.043945
