0 0.181641 0.117676 0.029297 0.036133
3 0.560547 0.163086 0.033203 0.039062
2 0.756836 0.076172 0.048828 0.031250
6 0.963867 0.357422 0.011719 0.021484
6 0.822266 0.352051 0.029297 0.026367
3 0.264648 0.443848 0.033203 0.034180
6 0.202148 0.248047 0.017578 0.015625
6 0.408691 0.639648 0.016602 0.019531
6 0.958496 0.479492 0.012695 0.023438
0 0.736816 0.548828 0.032227 0.035156
6 0.946289 0.714844 0.015625 0.021484
6 0.767090 0.755371 0.016602 0.022461
0 0.271973 0.745117 0.036133 0.041016
0 0.035156 0.849609 0.035156 0.046875
5 0.524902 0.857422 0.041992 0.048828
