0 0.798340 0.182617 0.038086 0.039062
0 0.861816 0.265625 0.032227 0.041016
0 0.765137 0.541992 0.034180 0.050781
0 0.298828 0.141602 0.033203 0.037109
0 0.327637 0.666504 0.038086 0.047852
0 0.038574 0.742676 0.032227 0.036133
0 0.585938 0.720215 0.025391 0.034180
0 0.322266 0.553711 0.027344 0.029297
0 0.325684 0.354004 0.028320 0.049805
0 0.565918 0.255859 0.043945 0.056641
6 0.112793 0.517090 0.030273 0.036133
6 0.148438 0.924316 0.015625 0.030273
6 0.665527 0.963379 0.012695 0.020508
7 0.311035 0.927246 0.036133 0.057617
7 0.777832 0.933105 0.040039 0.053711
