6 0.910156 0.090820 0.017578 0.019531
6 0.760254 0.241699 0.018555 0.020508
6 0.973633 0.378418 0.017578 0.018555
6 0.767090 0.355469 0.014648 0.019531
6 0.277344 0.399902 0.021484 0.024414
6 0.157227 0.652344 0.017578 0.029297
5 0.397949 0.331543 0.043945 0.043945
5 0.727539 0.738281 0.044922 0.039062
0 0.670898 0.945312 0.041016 0.035156
0 0.343750 0.889160 0.048828 0.041992
1 0.098145 0.806152 0.057617 0.034180
0 0.208008 0.658203 0.029297 0.039062
5 0.169434 0.192871 0.047852 0.045898
2 0.578125 0.571289 0.035156 0.046875
0 0.396484 0.810547 0.041016 0.041016
