2 0.786133 0.105957 0.058594 0.041992
6 0.589844 0.083984 0.019531 0.021484
6 0.135254 0.045410 0.016602 0.030273
6 0.591797 0.274902 0.015625 0.030273
6 0.339844 0.382812 0.017578 0.037109
6 0.523438 0.417969 0.017578 0.021484
6 0.139160 0.380859 0.014648 0.042969
6 0.093262 0.504395 0.012695 0.024414
6 0.770508 0.546875 0.023438 0.023438
6 0.717285 0.726074 0.022461 0.030273
6 0.547852 0.738770 0.021484 0.028320
6 0.483887 0.863281 0.026367 0.027344
6 0.265137 0.902832 0.024414 0.028320
0 0.324219 0.647949 0.039062 0.043945
0 0.586426 0.409180 0.028320 0.035156
