6 0.306641 0.062988 0.015625 0.020508
6 0.660156 0.114258 0.019531 0.023438
6 0.568848 0.192871 0.022461 0.022461
6 0.889648 0.350586 0.015625 0.025391
6 0.171875 0.187012 0.021484 0.022461
6 0.220703 0.393555 0.019531 0.017578
6 0.373535 0.765625 0.016602 0.025391
6 0.484375 0.910156 0.025391 0.021484
0 0.826172 0.574707 0.037109 0.043945
0 0.583984 0.396973 0.052734 0.047852
0 0.837402 0.751465 0.040039 0.032227
0 0.441895 0.673828 0.034180 0.035156
0 0.434082 0.556641 0.028320 0.048828
4 0.581055 0.879395 0.035156 0.034180
4 0.863281 0.190430 0.050781 0.050781
