6 0.579590 0.100098 0.018555 0.030273
6 0.576172 0.529785 0.023438 0.034180
6 0.923828 0.912598 0.023438 0.022461
0 0.655273 0.950684 0.031250 0.040039
0 0.133301 0.969727 0.026367 0.025391
0 0.186035 0.493652 0.028320 0.028320
0 0.127441 0.247070 0.030273 0.033203
0 0.099121 0.137695 0.045898 0.041016
0 0.479004 0.625000 0.040039 0.041016
0 0.813477 0.514160 0.033203 0.034180
5 0.703125 0.225098 0.044922 0.047852
3 0.203125 0.691406 0.050781 0.046875
3 0.397949 0.238281 0.040039 0.037109
0 0.569336 0.838379 0.033203 0.024414
5 0.735840 0.846680 0.051758 0.037109
