0 0.068359 0.049805 0.039062 0.033203
6 0.519531 0.208496 0.021484 0.024414
6 0.840332 0.301758 0.020508 0.023438
6 0.534180 0.366699 0.021484 0.022461
6 0.201660 0.425293 0.024414 0.022461
6 0.329102 0.610840 0.019531 0.022461
6 0.243164 0.854492 0.023438 0.021484
6 0.515137 0.890137 0.016602 0.022461
1 0.441406 0.080566 0.025391 0.040039
0 0.721680 0.244141 0.039062 0.037109
0 0.316406 0.496094 0.037109 0.041016
7 0.551758 0.434082 0.048828 0.038086
2 0.841797 0.577637 0.042969 0.041992
1 0.854004 0.763672 0.030273 0.050781
0 0.435059 0.849609 0.036133 0.033203
