6 0.473145 0.124512 0.024414 0.032227
6 0.357422 0.254883 0.011719 0.035156
6 0.176758 0.496094 0.015625 0.027344
6 0.355469 0.805176 0.025391 0.038086
6 0.557129 0.933594 0.020508 0.025391
6 0.966797 0.509766 0.013672 0.023438
6 0.964844 0.593262 0.023438 0.024414
0 0.725098 0.207520 0.034180 0.030273
0 0.816895 0.326172 0.030273 0.044922
0 0.301758 0.058594 0.041016 0.041016
0 0.032715 0.666504 0.045898 0.041992
0 0.098633 0.914551 0.050781 0.047852
3 0.541504 0.602051 0.041992 0.045898
7 0.548340 0.425781 0.032227 0.050781
0 0.504395 0.879395 0.038086 0.053711
