2 0.712402 0.149414 0.036133 0.044922
0 0.371582 0.510254 0.028320 0.032227
0 0.404785 0.223633 0.038086 0.042969
0 0.058594 0.555664 0.025391 0.037109
0 0.146484 0.655762 0.023438 0.030273
0 0.207031 0.947754 0.025391 0.030273
0 0.683105 0.898438 0.032227 0.042969
0 0.729980 0.684082 0.028320 0.047852
0 0.730469 0.449707 0.029297 0.030273
0 0.440918 0.646973 0.032227 0.040039
0 0.805176 0.256348 0.030273 0.030273
6 0.225098 0.298340 0.024414 0.014648
6 0.100098 0.473633 0.016602 0.021484
6 0.278809 0.476074 0.018555 0.030273
6 0.569336 0.742188 0.019531 0.023438
