6 0.727539 0.027344 0.019531 0.019531
6 0.980469 0.163086 0.019531 0.027344
6 0.403809 0.308105 0.014648 0.018555
6 0.234863 0.790039 0.016602 0.041016
6 0.820312 0.862305 0.017578 0.027344
6 0.960449 0.548828 0.016602 0.021484
0 0.097168 0.462402 0.030273 0.036133
0 0.379395 0.490234 0.036133 0.046875
0 0.615234 0.584473 0.039062 0.034180
0 0.858398 0.357422 0.025391 0.031250
0 0.511719 0.751465 0.041016 0.045898
5 0.126465 0.705078 0.051758 0.044922
2 0.508301 0.326660 0.045898 0.040039
1 0.124512 0.311035 0.032227 0.045898
3 0.092773 0.876465 0.041016 0.041992
