6 0.319336 0.081543 0.015625 0.022461
6 0.800293 0.233887 0.022461 0.032227
6 0.595215 0.373535 0.020508 0.022461
6 0.744141 0.448730 0.017578 0.032227
6 0.398438 0.681152 0.019531 0.022461
6 0.219238 0.668457 0.018555 0.036133
6 0.576660 0.779785 0.028320 0.034180
6 0.872070 0.542969 0.023438 0.023438
0 0.161133 0.217285 0.041016 0.049805
0 0.265137 0.418945 0.026367 0.041016
0 0.330078 0.820801 0.042969 0.040039
0 0.588379 0.583496 0.057617 0.043945
5 0.505859 0.305664 0.056641 0.046875
7 0.815918 0.683594 0.059570 0.035156
3 0.097656 0.372070 0.037109 0.035156
