6 0.647461 0.026367 0.013672 0.017578
6 0.849609 0.071777 0.015625 0.024414
6 0.940918 0.392578 0.020508 0.031250
6 0.338867 0.098633 0.023438 0.019531
6 0.214844 0.083984 0.025391 0.027344
6 0.150879 0.446289 0.032227 0.037109
6 0.388184 0.639648 0.020508 0.021484
6 0.621094 0.596191 0.015625 0.018555
0 0.418945 0.412109 0.044922 0.037109
0 0.369141 0.741699 0.033203 0.040039
0 0.574707 0.746582 0.045898 0.036133
0 0.059570 0.864258 0.033203 0.041016
0 0.687988 0.977051 0.030273 0.034180
2 0.087891 0.281250 0.060547 0.054688
0 0.509766 0.268555 0.033203 0.054688
