6 0.814941 0.029785 0.018555 0.024414
6 0.663086 0.148926 0.013672 0.030273
0 0.195312 0.250977 0.029297 0.029297
0 0.478027 0.321777 0.034180 0.038086
7 0.788574 0.195312 0.034180 0.046875
2 0.767578 0.309570 0.042969 0.035156
0 0.753418 0.546387 0.020508 0.032227
0 0.436035 0.672852 0.032227 0.041016
0 0.226074 0.553711 0.032227 0.037109
4 0.396484 0.479980 0.037109 0.036133
1 0.687012 0.791992 0.024414 0.058594
6 0.947754 0.965820 0.014648 0.021484
6 0.337402 0.801270 0.012695 0.022461
6 0.080566 0.784668 0.012695 0.020508
3 0.437012 0.816895 0.049805 0.043945
