6 0.879883 0.142090 0.013672 0.026367
0 0.156250 0.098145 0.039062 0.041992
0 0.089844 0.257324 0.035156 0.032227
0 0.376465 0.193848 0.038086 0.040039
0 0.549316 0.184082 0.045898 0.047852
0 0.380859 0.356445 0.039062 0.037109
0 0.817871 0.775879 0.034180 0.030273
5 0.141602 0.424316 0.044922 0.045898
5 0.585449 0.886230 0.051758 0.047852
1 0.322266 0.901855 0.035156 0.045898
6 0.802734 0.285645 0.015625 0.022461
6 0.565430 0.454102 0.011719 0.021484
6 0.149902 0.764648 0.018555 0.025391
6 0.483887 0.750488 0.018555 0.020508
4 0.753906 0.526367 0.037109 0.037109
