0 0.508301 0.039551 0.038086 0.047852
6 0.180664 0.087402 0.015625 0.022461
6 0.186523 0.400391 0.021484 0.021484
6 0.689453 0.416016 0.013672 0.025391
6 0.903809 0.660645 0.018555 0.030273
7 0.823242 0.261230 0.064453 0.038086
7 0.265625 0.315430 0.042969 0.062500
0 0.322754 0.765625 0.032227 0.037109
0 0.679199 0.579590 0.032227 0.040039
0 0.371094 0.558105 0.027344 0.026367
0 0.854492 0.520996 0.025391 0.032227
0 0.267090 0.915039 0.032227 0.031250
5 0.654297 0.838379 0.046875 0.055664
3 0.156250 0.551270 0.042969 0.038086
6 0.663574 0.910645 0.026367 0.022461
