6 0.755859 0.044434 0.023438 0.030273
6 0.666016 0.263184 0.017578 0.016602
6 0.858398 0.406738 0.007812 0.024414
6 0.589844 0.400879 0.015625 0.020508
6 0.696777 0.680664 0.036133 0.041016
6 0.499023 0.737305 0.017578 0.037109
6 0.402832 0.541016 0.022461 0.031250
6 0.168945 0.912598 0.017578 0.028320
6 0.484863 0.862793 0.020508 0.030273
3 0.265137 0.045410 0.053711 0.045898
0 0.422363 0.239746 0.040039 0.043945
0 0.167969 0.671387 0.031250 0.040039
0 0.803711 0.249512 0.054688 0.053711
5 0.670410 0.511230 0.047852 0.040039
7 0.173828 0.270996 0.041016 0.045898
