6 0.106445 0.053711 0.017578 0.023438
0 0.271484 0.113770 0.033203 0.041992
6 0.594727 0.074707 0.017578 0.028320
6 0.921387 0.219727 0.016602 0.025391
6 0.217285 0.189453 0.032227 0.037109
0 0.301758 0.250000 0.050781 0.052734
0 0.122559 0.396973 0.043945 0.038086
0 0.096680 0.729492 0.033203 0.033203
0 0.355469 0.695312 0.039062 0.048828
6 0.529297 0.318359 0.013672 0.023438
6 0.968262 0.613281 0.026367 0.033203
6 0.200195 0.600586 0.029297 0.029297
3 0.319824 0.584961 0.049805 0.050781
1 0.525391 0.201172 0.048828 0.052734
